5
7
8
15
17
18
28
39
54
56
59
60
62
63
65
67
77
83
87
88
92
95
100
105
107
108
110
115
116
122
123
126
128
129
130
131
141
145
148
151
153
156
160
161
176
179
182
184
186
189
191
198
203
205
211
213
215
217
218
221
223
225
227
233
234
235
236
239
243
244
252
257
262
263
264
266
270
271
273
276
278
280
282
283
284
285
286
288
291
292
296
297
299
300
301
302
304
306
308
315
322
325
326
328
330
333
334
335
338
341
348
355
359
360
364
366
367
369
370
373
374
377
384
385
386
389
390
392
397
399
401
403
406
410
412
414
419
426
428
432
438
439
441
442
443
445
447
451
453
455
458
461
465
466
467
469
470
472
473
478
491
492
494
496
497
499
504
507
509
510
514
515
517
521
522
524
525
528
531
533
536
538
540
542
544
546
548
549
551
560
567
572
574
575
577
587
589
592
593
597
599
603
605
606
609
611
612
615
616
617
618
625
626
630
632
634
636
639
640
642
643
649
653
657
658
663
667
669
675
679
680
681
684
689
691
693
694
697
704
705
706
715
717
719
722
724
725
728
729
730
732
733
736
737
740
742
744
745
749
750
751
759
761
762
763
764
766
768
769
771
773
774
775
777
779
784
786
788
792
794
796
798
804
809
810
816
820
821
828
835
837
839
842
849
852
853
854
855
858
860
862
865
869
872
879
881
882
884
886
888
889
904
911
914
915
918
922
926
927
928
929
936
939
940
947
948
949
953
954
955
958
960
962
967
971
972
977
979
980
986
996
998
1005
1015
1016
1019
1040
1053
1056
1068
1074
1078
1080
1083
1084
1085
1086
1096
1098
1101
1103
1107
1109
1111
1120
1129
1134
1136
1138
1140
1143
1145
1150
1152
1154
1160
1161
1162
1163
1164
1165
1167
1169
1171
1172
1174
1176
1186
1187
1189
1190
1199
1200
1203
1204
1205
1208
1209
1211
1214
1220
1224
1225
1226
1228
1229
1230
1235
1238
1243
1246
1250
1253
1255
1257
1262
1265
1266
1271
1272
1274
1276
1279
1284
1285
1288
1291
1292
1293
1294
1299
1301
1303
1305
1309
1321
1322
1323
1324
1325
1329
1331
1333
1336
1338
1342
1344
1345
1347
1350
1351
1352
1354
1355
1358
1359
1363
1366
1367
1368
1372
1378
1380
1383
1384
1385
1387
1388
1390
1392
1394
1396
1398
1404
1406
1408
1409
1413
1416
1417
1421
1427
1428
1431
1436
1444
1446
1447
1448
1450
1452
1455
1456
1459
1466
1472
1474
1480
1483
1487
1488
1490
1492
1494
1495
1496
1500
1502
1503
1506
1507
1508
1511
1512
1517
1522
1523
1524
1525
1526
1528
1529
1534
1538
1539
1544
1545
1547
1548
1549
1552
1554
1556
1557
1559
1561
1562
1563
1565
1566
1570
1571
1572
1573
1577
1580
1581
1583
1587
1589
1590
1594
1599
1601
1602
1606
1609
1610
1611
1613
1614
1615
1618
1619
1620
1622
1633
1637
1638
1640
1641
1649
1651
1654
1657
1658
1660
1662
1663
1666
1670
1674
1676
1678
1690
1698
1699
1700
1703
1706
1709
1710
1711
1712
1717
1720
1722
1723
1729
1731
1734
1739
1742
1743
1745
1746
1748
1749
1756
1757
1760
1761
1762
1765
1768
1775
1780
1781
1783
1785
1797
1799
1800
1803
1806
1807
1809
1811
1812
1817
1818
1819
1822
1823
1826
1833
1839
1845
1853
1856
1859
1860
1862
1863
1865
1867
1873
1874
1875
1876
1879
1880
1883
1886
1889
1890
1892
1893
1894
1900
1903
1913
1915
1916
1919
1921
1922
1925
1927
1928
1936
1939
1940
1941
1943
1946
1948
1949
1952
1953
1955
1956
1957
1959
1960
1968
1970
1973
1983
1984
1985
1995
1996
1997
2006
2032
2037
2044
2054
2056
2070
2072
2077
2081
2082
2085
2092
2093
2094
2097
2099
2101
2109
2113
2116
2119
2122
2127
2132
2134
2137
2139
2143
2148
2151
2159
2160
2162
2163
2168
2169
2171
2172
2173
2174
2176
2185
2187
2190
2196
2197
2200
2206
2207
2209
2216
2217
2227
2231
2233
2234
2235
2237
2242
2244
2246
2247
2255
2256
2260
2261
2263
2267
2269
2274
2275
2276
2278
2280
2284
2285
2286
2288
2290
2295
2297
2298
2299
2300
2303
2308
2311
2312
2313
2315
2318
2322
2326
2329
2335
2337
2340
2343
2345
2347
2349
2352
2356
2358
2361
2363
2366
2368
2369
2371
2372
2373
2379
2381
2382
2387
2388
2395
2397
2400
2402
2404
2405
2413
2415
2416
2420
2426
2429
2432
2434
2435
2436
2439
2441
2445
2447
2449
2452
2454
2456
2462
2465
2468
2470
2471
2475
2477
2482
2483
2484
2486
2487
2489
2491
2495
2496
2497
2506
2508
2512
2513
2515
2522
2523
2525
2527
2530
2535
2536
2541
2543
2548
2556
2560
2561
2571
2574
2576
2577
2579
2581
2583
2587
2588
2590
2591
2595
2598
2604
2609
2614
2619
2620
2622
2624
2627
2629
2631
2633
2636
2638
2639
2640
2643
2646
2648
2655
2659
2666
2668
2669
2675
2680
2686
2687
2692
2693
2698
2699
2704
2708
2713
2720
2722
2727
2728
2729
2733
2735
2739
2742
2745
2748
2749
2752
2755
2756
2759
2762
2764
2765
2767
2770
2771
2773
2774
2775
2778
2780
2781
2784
2785
2790
2791
2792
2793
2795
2798
2807
2813
2815
2819
2820
2823
2827
2828
2829
2832
2837
2859
2863
2864
2868
2870
2881
2882
2884
2889
2891
2893
2894
2896
2898
2906
2916
2919
2920
2930
2931
2932
2934
2941
2946
2957
2959
2962
2963
2965
2969
2974
2975
2981
2983
2985
2987
2988
2997
2998
3007
3013
3014
3021
3036
3057
3064
3065
3067
3075
3077
3081
3086
3087
3089
3091
3095
3096
3100
3104
3106
3119
3120
3123
3125
3126
3128
3129
3130
3134
3135
3136
3140
3141
3143
3146
3149
3151
3156
3157
3161
3165
3168
3171
3175
3181
3183
3187
3191
3192
3193
3194
3202
3203
3206
3208
3209
3215
3221
3225
3228
3230
3232
3233
3237
3241
3244
3246
3248
3249
3253
3261
3263
3265
3267
3268
3271
3277
3278
3280
3281
3283
3284
3287
3288
3292
3297
3303
3305
3307
3309
3311
3314
3315
3317
3318
3322
3325
3328
3332
3335
3337
3338
3344
3347
3349
3351
3357
3368
3369
3373
3375
3378
3387
3388
3390
3392
3394
3397
3402
3411
3417
3421
3426
3428
3430
3435
3436
3439
3440
3443
3448
3457
3458
3460
3469
3477
3478
3484
3485
3490
3491
3498
3501
3503
3507
3509
3510
3511
3512
3519
3520
3521
3524
3528
3529
3530
3531
3540
3541
3543
3547
3548
3549
3553
3554
3560
3561
3567
3568
3578
3581
3583
3584
3585
3587
3590
3595
3598
3599
3601
3602
3604
3605
3607
3610
3613
3614
3615
3616
3622
3624
3625
3626
3628
3629
3632
3633
3634
3637
3641
3642
3643
3647
3649
3651
3657
3661
3667
3672
3676
3678
3683
3684
3687
3688
3691
3692
3695
3699
3700
3701
3705
3707
3709
3711
3713
3716
3721
3722
3725
3726
3730
3736
3737
3742
3743
3744
3746
3749
3753
3754
3755
3757
3759
3760
3766
3767
3768
3769
3771
3772
3773
3774
3775
3777
3784
3789
3790
3791
3792
3795
3797
3798
3799
3803
3804
3806
3808
3809
3810
3811
3813
3814
3817
3819
3827
3829
3830
3836
3838
3839
3843
3846
3853
3858
3871
3872
3873
3876
3880
3881
3882
3885
3886
3890
3894
3904
3907
3908
3909
3913
3914
3915
3916
3920
3921
3922
3923
3927
3928
3931
3935
3942
3948
3949
3951
3952
3953
3954
3960
3962
3963
3965
3966
3968
3973
3978
3980
3984
3990
3992
3993
3999
4012
4047
4051
4054
4057
4059
4063
4069
4073
4076
4081
4086
4087
4088
4089
4091
4094
4095
4098
4099
4100
4102
4108
4111
4112
4118
4121
4127
4131
4134
4135
4136
4137
4144
4145
4146
4149
4150
4156
4158
4160
4162
4165
4167
4170
4172
4173
4174
4176
4178
4179
4180
4181
4182
4188
4193
4194
4197
4201
4206
4210
4211
4214
4216
4218
4219
4225
4226
4230
4234
4235
4241
4243
4246
4253
4255
4256
4258
4263
4279
4282
4286
4288
4290
4293
4296
4302
4303
4304
4307
4308
4311
4312
4316
4317
4318
4319
4320
4325
4326
4332
4333
4335
4336
4337
4338
4339
4340
4342
4344
4349
4351
4356
4357
4358
4360
4362
4363
4366
4368
4371
4372
4374
4380
4381
4383
4388
4392
4395
4397
4398
4401
4402
4404
4406
4407
4418
4421
4425
4428
4435
4438
4443
4448
4450
4451
4453
4457
4459
4460
4462
4464
4467
4468
4469
4470
4471
4473
4478
4481
4486
4489
4491
4494
4496
4497
4501
4504
4508
4509
4511
4512
4515
4517
4519
4521
4522
4524
4529
4532
4533
4534
4535
4536
4537
4538
4539
4540
4541
4543
4544
4546
4547
4548
4550
4553
4564
4566
4569
4575
4576
4577
4583
4584
4585
4587
4589
4598
4603
4604
4605
4607
4608
4609
4610
4611
4617
4619
4620
4622
4626
4628
4633
4634
4635
4636
4637
4640
4645
4647
4651
4652
4653
4654
4660
4661
4662
4666
4667
4673
4674
4676
4677
4681
4682
4684
4685
4686
4689
4692
4697
4698
4701
4703
4705
4706
4711
4714
4715
4718
4719
4722
4725
4729
4733
4737
4741
4742
4746
4748
4750
4752
4753
4754
4755
4758
4760
4762
4764
4770
4773
4775
4778
4779
4781
4788
4793
4798
4799
4800
4802
4810
4811
4814
4818
4819
4823
4825
4827
4834
4838
4839
4840
4843
4844
4845
4846
4848
4851
4852
4856
4858
4862
4865
4869
4879
4881
4883
4889
4891
4892
4893
4897
4899
4901
4903
4904
4905
4907
4909
4913
4919
4923
4924
4933
4934
4938
4940
4942
4947
4948
4949
4950
4954
4955
4956
4961
4962
4964
4965
4972
4975
4978
4979
4982
4984
4987
4991
4993
4995
5007
5029
5040
5052
5057
5059
5060
5065
5070
5073
5074
5076
5079
5080
5082
5084
5087
5088
5090
5092
5094
5097
5099
5103
5106
5112
5113
5115
5121
5123
5125
5126
5128
5134
5136
5140
5141
5145
5147
5151
5152
5157
5158
5163
5164
5166
5167
5168
5170
5173
5176
5182
5184
5185
5188
5191
5192
5194
5196
5198
5203
5205
5213
5218
5220
5223
5229
5230
5235
5238
5249
5250
5254
5255
5258
5259
5262
5264
5270
5275
5276
5277
5281
5285
5286
5287
5291
5292
5293
5294
5298
5301
5302
5304
5307
5312
5315
5320
5323
5325
5326
5328
5331
5332
5339
5340
5344
5347
5350
5351
5357
5360
5370
5372
5375
5376
5378
5381
5386
5391
5393
5399
5405
5407
5412
5413
5417
5421
5423
5425
5426
5428
5431
5432
5435
5440
5441
5442
5447
5448
5451
5452
5454
5456
5461
5464
5470
5473
5474
5475
5477
5482
5486
5488
5490
5491
5492
5493
5496
5497
5502
5506
5508
5511
5513
5518
5519
5524
5525
5526
5530
5531
5533
5539
5540
5542
5545
5546
5547
5548
5549
5550
5551
5553
5559
5560
5565
5566
5567
5571
5572
5576
5582
5583
5584
5586
5588
5589
5590
5593
5594
5598
5600
5601
5603
5605
5606
5607
5611
5615
5623
5625
5626
5627
5631
5633
5636
5638
5642
5644
5646
5649
5651
5656
5659
5661
5662
5663
5666
5667
5682
5683
5691
5693
5694
5698
5700
5702
5708
5709
5711
5716
5717
5718
5727
5729
5730
5731
5734
5735
5738
5740
5741
5742
5743
5750
5751
5754
5763
5764
5766
5767
5768
5772
5774
5775
5778
5780
5787
5789
5791
5795
5798
5799
5800
5802
5805
5806
5807
5808
5809
5811
5813
5815
5823
5830
5831
5832
5833
5838
5842
5846
5847
5848
5854
5857
5867
5872
5875
5877
5879
5881
5883
5885
5888
5889
5891
5892
5893
5894
5903
5904
5905
5907
5908
5911
5916
5917
5918
5925
5927
5929
5933
5935
5942
5945
5946
5950
5951
5952
5953
5954
5955
5957
5960
5963
5964
5968
5973
5974
5976
5979
5981
5984
5987
5993
5995
6000
6004
6009
6015
6016
6028
6046
6051
6053
6058
6071
6072
6074
6077
6078
6079
6083
6084
6086
6088
6089
6090
6091
6092
6096
6097
6106
6107
6108
6109
6113
6114
6115
6116
6119
6123
6130
6132
6138
6139
6141
6145
6146
6147
6154
6155
6161
6162
6163
6165
6169
6171
6173
6174
6176
6177
6179
6180
6181
6189
6190
6193
6195
6199
6201
6202
6203
6206
6210
6212
6213
6226
6233
6234
6238
6243
6244
6245
6247
6248
6254
6256
6257
6258
6260
6264
6272
6274
6276
6277
6281
6282
6283
6287
6290
6291
6295
6299
6300
6301
6302
6304
6307
6308
6309
6311
6313
6315
6318
6321
6325
6328
6329
6332
6334
6335
6340
6349
6350
6352
6354
6356
6357
6362
6363
6364
6367
6368
6369
6370
6371
6372
6373
6377
6378
6379
6380
6382
6385
6387
6393
6400
6409
6410
6412
6415
6416
6417
6418
6419
6421
6429
6432
6436
6439
6440
6442
6444
6447
6449
6451
6453
6456
6460
6461
6466
6467
6468
6472
6476
6477
6479
6482
6484
6485
6490
6492
6495
6496
6499
6500
6506
6509
6512
6513
6515
6516
6520
6522
6525
6527
6528
6530
6531
6532
6533
6540
6541
6542
6552
6556
6558
6559
6568
6570
6571
6572
6576
6580
6583
6586
6587
6591
6592
6597
6599
6600
6603
6604
6610
6613
6614
6616
6618
6620
6621
6623
6625
6630
6632
6634
6639
6640
6642
6647
6650
6654
6655
6656
6667
6669
6672
6673
6675
6678
6681
6682
6683
6685
6691
6692
6693
6695
6700
6702
6703
6704
6707
6713
6718
6720
6725
6729
6730
6731
6737
6739
6742
6749
6750
6751
6760
6768
6771
6774
6775
6786
6787
6788
6795
6798
6801
6802
6804
6805
6806
6808
6809
6811
6814
6818
6821
6827
6829
6831
6833
6834
6835
6836
6839
6844
6855
6859
6861
6863
6864
6865
6868
6871
6872
6873
6877
6878
6879
6888
6889
6892
6893
6895
6898
6900
6902
6908
6910
6912
6913
6914
6916
6918
6923
6925
6927
6929
6931
6938
6949
6953
6954
6963
6965
6968
6970
6975
6977
6978
6979
6980
6984
6985
6986
6989
6991
6995
6998
7007
7008
7010
7029
7034
7049
7050
7062
7067
7070
7071
7072
7073
7074
7075
7076
7078
7083
7084
7088
7094
7096
7098
7100
7102
7107
7115
7117
7120
7123
7124
7125
7126
7127
7129
7130
7135
7141
7146
7147
7150
7163
7164
7165
7167
7170
7174
7175
7182
7187
7192
7193
7194
7195
7202
7203
7204
7205
7209
7210
7215
7219
7222
7224
7225
7230
7234
7235
7244
7249
7254
7257
7259
7261
7269
7275
7277
7279
7281
7285
7286
7290
7291
7296
7297
7298
7301
7303
7306
7310
7313
7314
7323
7325
7326
7332
7334
7335
7336
7337
7339
7347
7348
7349
7352
7353
7358
7360
7361
7363
7367
7368
7371
7376
7380
7381
7385
7387
7391
7395
7396
7399
7400
7401
7402
7419
7422
7423
7431
7439
7441
7442
7444
7449
7455
7457
7458
7466
7471
7473
7474
7479
7480
7481
7482
7483
7485
7488
7490
7493
7495
7497
7498
7502
7503
7504
7505
7506
7508
7510
7511
7514
7517
7520
7521
7524
7531
7534
7537
7538
7541
7544
7545
7547
7548
7550
7560
7569
7574
7580
7581
7583
7594
7597
7601
7602
7603
7604
7607
7612
7619
7620
7626
7636
7640
7641
7643
7644
7651
7654
7655
7657
7660
7666
7668
7669
7672
7675
7681
7682
7685
7689
7690
7691
7692
7697
7702
7705
7710
7712
7716
7719
7723
7726
7727
7733
7737
7740
7741
7743
7744
7745
7746
7747
7748
7757
7758
7762
7765
7766
7767
7774
7776
7777
7781
7785
7793
7796
7801
7803
7809
7810
7816
7818
7823
7824
7826
7829
7830
7837
7839
7841
7843
7849
7854
7857
7861
7867
7872
7877
7878
7884
7885
7897
7901
7909
7910
7911
7912
7916
7919
7920
7922
7926
7928
7929
7931
7936
7940
7944
7945
7953
7960
7967
7968
7971
7972
7976
7983
7985
7989
7990
7992
7997
7998
8007
8008
8010
8032
8043
8046
8055
8057
8060
8062
8064
8069
8074
8077
8080
8085
8086
8087
8088
8091
8093
8098
8103
8105
8107
8111
8113
8127
8130
8132
8137
8152
8156
8163
8167
8171
8178
8179
8180
8184
8185
8187
8189
8191
8192
8194
8196
8198
8199
8201
8202
8209
8214
8219
8220
8223
8224
8226
8227
8228
8229
8233
8234
8235
8236
8237
8239
8242
8248
8253
8260
8261
8263
8267
8270
8272
8278
8280
8282
8283
8285
8286
8287
8288
8290
8295
8296
8298
8299
8310
8311
8318
8322
8327
8328
8330
8332
8337
8339
8344
8346
8347
8354
8358
8359
8362
8363
8366
8367
8369
8370
8372
8377
8380
8382
8386
8388
8390
8394
8395
8396
8397
8400
8413
8415
8420
8422
8423
8425
8429
8432
8434
8442
8443
8446
8451
8454
8458
8460
8462
8467
8471
8472
8481
8486
8489
8491
8493
8495
8499
8500
8503
8505
8507
8509
8510
8511
8519
8520
8523
8526
8533
8535
8541
8544
8545
8547
8552
8553
8560
8562
8571
8573
8578
8579
8582
8589
8591
8593
8597
8598
8600
8602
8604
8608
8614
8620
8621
8629
8636
8637
8642
8645
8649
8651
8653
8655
8656
8659
8660
8663
8672
8675
8677
8685
8687
8688
8694
8695
8698
8700
8702
8706
8713
8714
8719
8720
8722
8725
8727
8730
8736
8737
8740
8741
8742
8749
8752
8756
8757
8758
8759
8760
8761
8763
8764
8767
8770
8771
8772
8775
8780
8781
8787
8794
8798
8801
8802
8805
8811
8813
8816
8817
8824
8825
8828
8829
8835
8843
8849
8852
8854
8855
8856
8859
8860
8863
8867
8868
8871
8875
8877
8878
8880
8881
8884
8888
8899
8901
8906
8912
8913
8919
8921
8924
8925
8928
8929
8931
8934
8935
8937
8938
8942
8945
8946
8948
8950
8952
8956
8959
8964
8965
8967
8968
8970
8975
8980
8981
8988
8989
8991
8992
8994
8999
9000
9002
9008
9009
9017
9024
9042
9046
9047
9050
9051
9054
9063
9080
9083
9087
9089
9096
9097
9099
9103
9104
9112
9117
9118
9119
9120
9122
9123
9124
9128
9130
9134
9136
9138
9142
9151
9155
9157
9160
9162
9164
9166
9170
9173
9175
9177
9181
9182
9183
9189
9192
9195
9197
9200
9203
9204
9207
9209
9213
9223
9225
9227
9233
9236
9237
9240
9242
9245
9249
9250
9252
9256
9262
9263
9274
9277
9278
9280
9281
9282
9283
9284
9286
9288
9291
9294
9296
9297
9300
9306
9307
9318
9329
9330
9334
9335
9338
9341
9343
9344
9345
9348
9350
9351
9352
9353
9358
9359
9361
9362
9364
9365
9366
9368
9370
9372
9373
9379
9384
9387
9388
9390
9391
9393
9397
9398
9400
9405
9410
9411
9412
9416
9417
9418
9421
9422
9424
9426
9429
9431
9432
9433
9440
9444
9448
9449
9451
9454
9458
9461
9465
9468
9471
9474
9476
9487
9488
9489
9492
9494
9496
9497
9500
9501
9502
9505
9508
9509
9510
9514
9516
9517
9519
9520
9524
9528
9533
9536
9537
9540
9546
9550
9555
9556
9567
9571
9577
9579
9580
9582
9587
9590
9591
9594
9595
9597
9598
9610
9617
9620
9624
9626
9630
9635
9638
9641
9644
9649
9650
9651
9652
9653
9655
9658
9662
9663
9666
9667
9669
9670
9671
9672
9679
9680
9681
9685
9687
9688
9697
9701
9704
9705
9708
9709
9713
9717
9718
9719
9722
9728
9729
9734
9737
9738
9740
9742
9745
9746
9749
9751
9752
9755
9759
9760
9761
9764
9767
9769
9775
9778
9783
9785
9788
9789
9798
9799
9804
9806
9807
9808
9813
9814
9816
9818
9821
9825
9828
9829
9831
9834
9842
9843
9844
9845
9846
9847
9849
9853
9854
9855
9856
9858
9859
9861
9863
9864
9865
9866
9868
9870
9876
9884
9886
9887
9888
9890
9891
9892
9894
9897
9898
9900
9901
9907
9910
9913
9915
9917
9918
9919
9920
9929
9930
9931
9935
9937
9938
9947
9954
9957
9959
9961
9962
9968
9969
9970
9979
9985
9990
9992
9993
9994
9998
9999
10001
10003
10010
10016
10024
10028
10036
10040
10045
10051
10056
10058
10061
10062
10063
10068
10070
10077
10079
10093
10094
10095
10098
10101
10108
10109
10110
10113
10115
10118
10121
10122
10123
10125
10127
10128
10129
10130
10133
10134
10136
10138
10139
10142
10143
10144
10146
10147
10149
10158
10160
10161
10173
10177
10188
10189
10196
10197
10198
10199
10213
10218
10219
10223
10225
10230
10231
10234
10242
10254
10256
10257
10260
10262
10268
10271
10272
10274
10278
10281
10285
10286
10291
10292
10299
10302
10304
10305
10306
10308
10316
10319
10321
10325
10327
10330
10332
10334
10336
10337
10340
10343
10344
10353
10362
10363
10368
10369
10372
10376
10379
10380
10381
10383
10388
10394
10396
10407
10408
10411
10424
10432
10434
10438
10441
10442
10444
10445
10446
10448
10449
10451
10453
10455
10460
10461
10462
10463
10464
10469
10470
10473
10484
10485
10488
10489
10492
10494
10495
10498
10499
10503
10506
10507
10512
10513
10524
10526
10527
10528
10530
10532
10533
10534
10539
10540
10542
10551
10553
10559
10560
10561
10563
10566
10570
10572
10576
10578
10583
10584
10586
10587
10591
10593
10599
10604
10607
10610
10615
10623
10631
10632
10633
10640
10642
10644
10646
10649
10652
10655
10659
10662
10664
10669
10674
10675
10678
10683
10689
10692
10694
10695
10697
10698
10709
10713
10715
10719
10721
10722
10723
10725
10730
10732
10736
10737
10738
10739
10745
10746
10751
10752
10753
10759
10761
10763
10767
10768
10770
10771
10774
10775
10777
10781
10784
10785
10786
10788
10792
10793
10799
10801
10807
10812
10816
10818
10820
10822
10824
10826
10828
10829
10830
10831
10833
10834
10835
10840
10842
10844
10848
10860
10866
10867
10875
10876
10878
10890
10899
10901
10902
10905
10908
10912
10913
10914
10922
10923
10925
10929
10932
10934
10935
10937
10941
10946
10947
10953
10956
10960
10964
10965
10968
10974
10979
10983
10984
10986
10987
10988
10993
10998
11003
11021
11023
11024
11028
11033
11040
11049
11050
11051
11052
11057
11061
11062
11063
11064
11065
11067
11071
11073
11075
11077
11078
11086
11091
11092
11096
11098
11101
11103
11106
11111
11116
11120
11122
11124
11126
11127
11130
11133
11137
11140
11143
11144
11148
11152
11156
11160
11166
11168
11169
11170
11171
11172
11181
11184
11186
11188
11189
11192
11197
11199
11202
11207
11216
11217
11224
11225
11232
11235
11236
11237
11241
11242
11246
11247
11259
11263
11264
11268
11272
11274
11276
11279
11287
11292
11294
11295
11297
11300
11302
11305
11310
11316
11317
11323
11325
11329
11333
11337
11342
11343
11344
11347
11349
11353
11355
11359
11360
11364
11367
11369
11374
11375
11379
11382
11383
11387
11389
11390
11395
11403
11406
11408
11412
11413
11415
11416
11417
11418
11419
11422
11423
11425
11426
11427
11434
11439
11441
11442
11443
11445
11447
11448
11449
11453
11458
11460
11463
11469
11471
11474
11479
11481
11482
11483
11485
11487
11491
11492
11496
11498
11500
11501
11505
11511
11514
11517
11518
11519
11520
11521
11523
11527
11531
11535
11538
11540
11542
11543
11544
11545
11547
11549
11550
11551
11556
11557
11559
11561
11565
11566
11568
11570
11571
11572
11574
11578
11579
11583
11586
11587
11590
11595
11596
11599
11600
11602
11604
11606
11608
11609
11610
11612
11613
11620
11621
11624
11626
11627
11629
11633
11634
11639
11643
11644
11646
11648
11651
11654
11656
11659
11666
11668
11669
11670
11674
11676
11677
11678
11682
11688
11694
11695
11696
11699
11703
11708
11711
11713
11715
11720
11722
11723
11724
11727
11733
11736
11738
11739
11741
11745
11746
11748
11750
11754
11755
11764
11765
11769
11772
11773
11780
11783
11785
11786
11791
11793
11794
11798
11804
11812
11816
11820
11822
11826
11827
11829
11833
11838
11841
11844
11848
11855
11859
11860
11862
11866
11867
11873
11878
11879
11881
11884
11885
11889
11894
11896
11897
11902
11903
11904
11905
11908
11911
11914
11915
11917
11918
11920
11922
11923
11931
11934
11937
11949
11953
11955
11962
11963
11964
11965
11968
11969
11970
11971
11972
11974
11976
11977
11978
11982
11983
11984
11985
11986
11990
11992
11996
11998
11999
12005
12008
12015
12019
12024
12025
12038
12056
12058
12059
12062
12064
12070
12072
12074
12076
12077
12083
12084
12085
12089
12092
12093
12094
12098
12100
12107
12108
12110
12113
12115
12124
12125
12127
12128
12131
12134
12145
12146
12148
12151
12153
12154
12157
12158
12162
12164
12165
12173
12175
12176
12178
12179
12182
12183
12187
12190
12192
12197
12202
12203
12205
12207
12211
12212
12216
12219
12226
12228
12229
12233
12234
12236
12240
12241
12248
12249
12250
12251
12253
12255
12260
12261
12276
12277
12280
12285
12290
12292
12293
12296
12307
12308
12313
12324
12326
12328
12335
12336
12339
12340
12341
12344
12345
12346
12350
12351
12354
12357
12363
12368
12370
12371
12372
12375
12376
12383
12384
12386
12387
12395
12396
12398
12401
12405
12407
12412
12421
12423
12426
12434
12436
12437
12438
12440
12442
12443
12444
12446
12447
12452
12453
12455
12460
12461
12463
12468
12474
12475
12476
12480
12481
12482
12486
12489
12494
12495
12496
12498
12499
12510
12512
12513
12514
12520
12522
12523
12526
12528
12531
12532
12535
12536
12537
12538
12541
12544
12551
12553
12554
12557
12558
12567
12569
12570
12578
12580
12582
12583
12586
12598
12601
12602
12603
12605
12608
12609
12615
12621
12622
12623
12624
12625
12626
12630
12631
12632
12633
12644
12652
12663
12666
12667
12668
12670
12673
12675
12680
12681
12682
12683
12688
12691
12693
12694
12696
12701
12705
12710
12713
12716
12719
12721
12727
12730
12732
12736
12741
12747
12758
12760
12762
12763
12765
12770
12777
12783
12784
12785
12792
12793
12797
12798
12803
12804
12810
12813
12814
12815
12818
12819
12820
12821
12822
12830
12831
12835
12842
12847
12848
12849
12851
12853
12857
12858
12859
12861
12865
12866
12867
12874
12875
12882
12886
12888
12889
12890
12894
12897
12898
12900
12911
12913
12917
12918
12922
12923
12926
12930
12931
12933
12937
12940
12941
12944
12946
12947
12950
12953
12954
12955
12961
12963
12965
12968
12969
12970
12972
12973
12975
12976
12978
12982
12987
12989
12993
12994
13001
13004
13016
13017
13018
13021
13033
13041
13058
13059
13064
13075
13086
13087
13088
13089
13091
13093
13095
13096
13100
13105
13107
13108
13110
13114
13115
13116
13117
13129
13130
13136
13141
13145
13146
13148
13149
13150
13151
13155
13156
13158
13159
13160
13161
13168
13169
13175
13179
13182
13186
13197
13198
13199
13201
13204
13205
13208
13209
13212
13213
13217
13218
13224
13225
13229
13231
13233
13235
13236
13240
13241
13242
13246
13252
13256
13257
13258
13260
13262
13263
13264
13265
13275
13276
13277
13279
13282
13283
13286
13289
13290
13291
13294
13298
13300
13301
13310
13314
13319
13320
13324
13326
13327
13330
13332
13334
13335
13336
13337
13338
13339
13340
13341
13344
13348
13349
13350
13354
13358
13364
13368
13370
13372
13375
13378
13381
13382
13384
13385
13387
13390
13391
13395
13398
13399
13402
13404
13405
13406
13410
13412
13416
13419
13429
13432
13433
13442
13443
13444
13445
13447
13448
13452
13454
13455
13459
13467
13473
13476
13481
13486
13489
13490
13491
13494
13500
13502
13504
13505
13507
13509
13510
13512
13513
13514
13515
13516
13519
13521
13524
13525
13526
13536
13538
13541
13542
13543
13544
13546
13552
13553
13561
13563
13564
13565
13567
13570
13573
13578
13580
13586
13588
13589
13591
13596
13607
13608
13609
13610
13611
13613
13620
13624
13626
13628
13629
13637
13649
13650
13652
13653
13654
13659
13664
13665
13671
13677
13682
13687
13690
13693
13700
13702
13703
13706
13709
13713
13714
13717
13728
13731
13735
13737
13740
13743
13745
13749
13751
13753
13754
13756
13757
13759
13761
13762
13771
13774
13776
13777
13778
13780
13782
13783
13784
13786
13787
13794
13796
13797
13802
13803
13804
13805
13806
13811
13813
13816
13821
13828
13832
13833
13834
13836
13838
13844
13848
13855
13856
13858
13863
13864
13865
13867
13868
13873
13875
13878
13880
13881
13882
13884
13889
13890
13894
13895
13898
13899
13904
13910
13911
13916
13917
13918
13919
13920
13924
13926
13927
13928
13932
13934
13939
13941
13943
13947
13948
13951
13953
13957
13958
13961
13965
13969
13970
13974
13975
13979
13980
13984
13986
13992
13995
13997
13998
13999
14002
14018
14022
14024
14032
14041
14042
14066
14071
14072
14076
14078
14080
14084
14085
14086
14087
14089
14092
14093
14098
14099
14101
14105
14107
14121
14123
14127
14128
14131
14132
14135
14138
14141
14144
14145
14148
14152
14154
14160
14163
14164
14168
14177
14178
14180
14182
14183
14190
14191
14194
14197
14201
14202
14204
14206
14208
14211
14212
14213
14217
14219
14220
14225
14227
14228
14229
14230
14233
14235
14239
14240
14241
14244
14245
14249
14252
14254
14259
14260
14261
14262
14264
14269
14274
14275
14281
14282
14286
14287
14289
14293
14296
14297
14300
14301
14308
14314
14315
14319
14322
14324
14328
14329
14334
14337
14342
14343
14347
14349
14350
14352
14354
14356
14358
14360
14362
14367
14368
14371
14376
14378
14379
14380
14382
14388
14389
14392
14394
14395
14399
14400
14403
14404
14407
14408
14412
14413
14414
14417
14418
14419
14422
14423
14424
14429
14430
14431
14433
14438
14444
14450
14453
14456
14458
14459
14461
14462
14465
14467
14469
14471
14472
14476
14477
14478
14479
14483
14485
14487
14488
14489
14491
14492
14493
14495
14502
14503
14505
14508
14510
14513
14517
14521
14524
14526
14528
14531
14532
14533
14534
14536
14545
14546
14547
14549
14551
14557
14561
14565
14566
14570
14573
14578
14580
14583
14584
14587
14590
14594
14595
14597
14598
14603
14604
14606
14609
14617
14620
14621
14624
14629
14636
14641
14643
14647
14649
14650
14651
14655
14657
14659
14662
14667
14672
14674
14678
14679
14687
14689
14691
14696
14698
14699
14706
14708
14709
14714
14717
14720
14722
14723
14727
14736
14737
14739
14740
14742
14744
14749
14750
14754
14758
14760
14761
14763
14764
14766
14770
14773
14774
14777
14778
14782
14786
14787
14789
14790
14791
14793
14796
14799
14800
14801
14802
14805
14806
14807
14809
14812
14814
14815
14818
14820
14822
14825
14831
14833
14834
14835
14837
14838
14843
14846
14847
14849
14853
14854
14858
14863
14865
14867
14870
14871
14873
14875
14876
14878
14880
14883
14887
14889
14896
14901
14902
14903
14904
14905
14907
14911
14912
14913
14920
14925
14926
14927
14930
14932
14935
14936
14937
14939
14941
14950
14951
14956
14957
14958
14960
14961
14966
14969
14971
14975
14976
14977
14978
14979
14981
14982
14983
14987
14989
14990
14991
14993
14995
15008
15015
15016
15038
15055
15056
15058
15071
15074
15075
15079
15080
15085
15086
15088
15089
15095
15096
15097
15098
15102
15109
15115
15117
15125
15129
15131
15132
15137
15139
15140
15146
15148
15149
15152
15155
15156
15157
15158
15160
15164
15168
15175
15179
15187
15190
15191
15193
15197
15200
15201
15204
15206
15211
15214
15221
15222
15223
15224
15225
15231
15232
15235
15238
15242
15252
15254
15262
15264
15266
15268
15275
15276
15277
15279
15281
15296
15297
15303
15306
15307
15308
15313
15315
15316
15317
15319
15322
15325
15326
15329
15334
15335
15340
15343
15345
15348
15352
15354
15357
15358
15363
15367
15368
15372
15373
15374
15375
15377
15380
15382
15383
15385
15386
15393
15394
15395
15397
15398
15405
15409
15411
15412
15416
15420
15426
15430
15432
15437
15441
15442
15448
15450
15453
15457
15458
15464
15466
15473
15474
15476
15484
15485
15489
15492
15503
15506
15517
15519
15524
15526
15528
15533
15534
15537
15541
15548
15550
15551
15554
15555
15564
15565
15574
15575
15578
15583
15585
15589
15591
15592
15604
15605
15607
15608
15609
15613
15616
15619
15620
15622
15626
15627
15634
15635
15636
15640
15641
15642
15646
15651
15655
15656
15658
15665
15666
15667
15670
15671
15674
15680
15681
15682
15687
15691
15693
15695
15696
15698
15701
15704
15705
15706
15709
15711
15716
15722
15726
15727
15728
15733
15738
15741
15742
15744
15747
15749
15750
15753
15754
15756
15757
15761
15762
15763
15764
15765
15772
15774
15776
15777
15779
15781
15788
15800
15804
15805
15813
15814
15816
15819
15820
15822
15826
15827
15829
15830
15833
15834
15836
15846
15848
15852
15853
15856
15859
15860
15862
15865
15866
15875
15883
15886
15887
15889
15892
15893
15894
15897
15901
15902
15903
15904
15909
15912
15914
15915
15917
15919
15920
15921
15922
15925
15926
15935
15936
15941
15942
15944
15947
15949
15952
15955
15958
15959
15966
15969
15970
15971
15976
15978
15979
15980
15981
15983
15986
15990
15993
15994
15995
15996
15998
16007
16008
16015
16021
16038
16048
16059
16062
16073
16074
16077
16083
16086
16091
16095
16106
16115
16119
16123
16124
16130
16132
16142
16143
16145
16146
16147
16159
16160
16166
16167
16177
16183
16184
16185
16186
16187
16193
16199
16200
16201
16211
16215
16216
16219
16225
16226
16227
16228
16229
16233
16236
16239
16243
16244
16246
16247
16249
16255
16257
16262
16265
16267
16270
16274
16279
16281
16282
16283
16291
16295
16298
16299
16301
16304
16315
16319
16321
16325
16327
16329
16331
16335
16339
16351
16356
16359
16362
16363
16364
16367
16368
16369
16371
16372
16374
16375
16377
16381
16385
16386
16387
16388
16390
16392
16393
16397
16402
16403
16406
16420
16421
16422
16423
16424
16431
16432
16436
16438
16440
16450
16452
16453
16462
16464
16469
16472
16476
16477
16479
16481
16482
16483
16484
16486
16489
16491
16500
16501
16503
16504
16508
16512
16516
16517
16520
16523
16526
16528
16531
16534
16535
16537
16538
16540
16542
16543
16546
16547
16548
16552
16553
16556
16557
16558
16563
16567
16568
16570
16571
16572
16575
16580
16582
16587
16588
16590
16595
16597
16603
16604
16606
16609
16611
16612
16613
16619
16620
16621
16624
16626
16628
16629
16630
16631
16633
16634
16635
16640
16642
16644
16645
16646
16648
16652
16654
16659
16660
16662
16663
16666
16674
16675
16679
16683
16685
16686
16687
16689
16693
16694
16696
16697
16700
16707
16708
16709
16713
16716
16721
16725
16728
16731
16732
16734
16736
16737
16738
16740
16743
16745
16746
16751
16752
16753
16754
16761
16763
16766
16770
16771
16773
16779
16780
16783
16785
16788
16789
16791
16794
16796
16798
16804
16812
16813
16816
16818
16819
16827
16828
16831
16832
16835
16838
16840
16845
16848
16853
16854
16855
16856
16857
16861
16862
16866
16870
16876
16879
16880
16881
16883
16886
16889
16900
16904
16910
16912
16915
16923
16924
16926
16928
16933
16934
16938
16941
16943
16946
16948
16950
16951
16953
16958
16959
16960
16963
16965
16969
16971
16972
16975
16977
16978
16982
16985
16989
16992
16996
16997
16999
17008
17009
17015
17022
17045
17057
17066
17069
17078
17079
17080
17084
17085
17087
17089
17093
17094
17096
17097
17098
17100
17104
17110
17113
17115
17118
17123
17124
17125
17130
17132
17133
17139
17140
17142
17143
17144
17145
17147
17148
17149
17151
17156
17159
17160
17164
17165
17168
17169
17174
17176
17177
17179
17181
17183
17187
17189
17190
17192
17195
17196
17201
17205
17207
17208
17221
17222
17228
17229
17233
17234
17236
17237
17243
17248
17254
17255
17258
17262
17263
17265
17268
17269
17271
17273
17274
17276
17277
17278
17280
17282
17284
17286
17288
17290
17292
17293
17296
17299
17302
17303
17305
17309
17310
17311
17316
17319
17327
17329
17345
17348
17349
17352
17355
17356
17358
17360
17363
17364
17369
17371
17378
17384
17386
17388
17392
17394
17400
17401
17406
17407
17410
17411
17420
17422
17430
17433
17438
17439
17440
17441
17444
17446
17447
17449
17451
17452
17456
17465
17466
17474
17477
17478
17480
17484
17488
17489
17491
17495
17496
17503
17507
17512
17514
17516
17517
17518
17520
17525
17527
17532
17534
17537
17538
17539
17540
17541
17543
17544
17550
17551
17561
17562
17564
17565
17570
17575
17577
17580
17583
17584
17586
17593
17602
17603
17605
17606
17609
17610
17611
17612
17613
17614
17615
17618
17621
17623
17625
17629
17631
17640
17645
17646
17654
17655
17657
17658
17660
17661
17665
17667
17668
17670
17675
17679
17680
17681
17682
17685
17687
17689
17690
17697
17698
17700
17709
17711
17713
17718
17720
17725
17726
17727
17728
17729
17731
17734
17735
17736
17737
17746
17749
17756
17758
17759
17764
17765
17767
17768
17769
17772
17774
17775
17777
17780
17781
17783
17787
17788
17792
17793
17794
17796
17797
17798
17800
17802
17807
17810
17812
17813
17816
17820
17823
17826
17827
17830
17832
17835
17836
17838
17843
17852
17854
17855
17856
17857
17858
17862
17863
17864
17865
17867
17870
17871
17876
17881
17883
17884
17885
17888
17890
17892
17893
17894
17895
17898
17905
17906
17908
17911
17913
17914
17919
17921
17922
17930
17932
17934
17935
17936
17937
17939
17949
17950
17952
17954
17955
17957
17959
17961
17962
17964
17965
17966
17967
17972
17974
17980
17982
17984
17987
17989
17991
17992
18000
18007
18008
18023
18049
18055
18059
18070
18071
18072
18074
18077
18079
18082
18084
18094
18096
18097
18099
18101
18103
18104
18105
18107
18112
18114
18115
18117
18119
18120
18121
18122
18124
18125
18126
18136
18137
18144
18145
18148
18151
18155
18160
18161
18162
18163
18165
18167
18168
18172
18173
18175
18178
18181
18187
18191
18192
18193
18195
18197
18198
18200
18201
18204
18205
18208
18210
18219
18222
18226
18228
18229
18231
18234
18235
18236
18238
18239
18240
18242
18244
18248
18250
18251
18256
18258
18260
18262
18263
18264
18268
18269
18273
18281
18287
18288
18294
18297
18300
18304
18311
18314
18315
18316
18318
18319
18322
18329
18331
18335
18337
18340
18342
18345
18352
18359
18362
18363
18365
18368
18370
18372
18375
18377
18381
18382
18385
18390
18395
18396
18399
18404
18405
18407
18409
18411
18412
18413
18414
18418
18420
18421
18425
18427
18430
18436
18437
18438
18439
18443
18444
18445
18460
18461
18471
18473
18476
18477
18479
18480
18482
18483
18485
18488
18490
18492
18494
18497
18501
18502
18504
18505
18507
18508
18509
18510
18512
18513
18516
18520
18521
18526
18529
18539
18542
18545
18554
18555
18559
18568
18569
18571
18573
18575
18581
18586
18587
18588
18591
18594
18597
18598
18599
18605
18606
18609
18611
18613
18614
18621
18624
18629
18636
18639
18642
18646
18648
18657
18658
18659
18661
18662
18666
18670
18673
18674
18679
18681
18686
18692
18693
18697
18699
18700
18702
18703
18707
18708
18709
18710
18719
18723
18725
18727
18731
18737
18738
18741
18744
18745
18749
18751
18758
18759
18760
18765
18767
18768
18769
18774
18775
18777
18780
18781
18783
18789
18798
18801
18805
18806
18810
18811
18814
18833
18837
18839
18840
18841
18843
18844
18845
18847
18850
18852
18860
18863
18868
18870
18874
18879
18881
18885
18888
18890
18892
18896
18902
18904
18905
18908
18909
18912
18913
18924
18927
18932
18944
18945
18948
18949
18950
18953
18954
18957
18960
18962
18964
18970
18971
18975
18976
18980
18986
18989
18990
18996
18997
18999
19006
19013
19026
19030
19048
19053
19068
19070
19071
19075
19078
19081
19083
19084
19085
19092
19098
19099
19100
19101
19108
19110
19111
19112
19120
19123
19125
19126
19132
19142
19143
19146
19147
19148
19149
19150
19151
19153
19160
19164
19165
19169
19170
19172
19179
19181
19182
19183
19185
19186
19192
19196
19199
19200
19202
19206
19207
19210
19211
19212
19213
19217
19224
19225
19226
19231
19233
19234
19236
19239
19250
19252
19254
19255
19265
19268
19272
19275
19283
19284
19288
19289
19295
19298
19302
19303
19304
19305
19308
19309
19311
19312
19317
19319
19321
19324
19327
19328
19330
19332
19334
19340
19341
19343
19344
19348
19350
19351
19355
19356
19359
19362
19367
19375
19377
19378
19380
19381
19382
19383
19384
19386
19387
19390
19391
19396
19399
19401
19403
19404
19408
19410
19413
19415
19417
19420
19421
19423
19426
19428
19432
19434
19437
19439
19441
19443
19446
19448
19455
19457
19462
19464
19466
19468
19469
19482
19483
19486
19488
19493
19497
19499
19502
19506
19510
19511
19514
19519
19520
19522
19523
19528
19530
19532
19539
19545
19546
19551
19553
19556
19558
19561
19562
19569
19572
19575
19584
19587
19588
19590
19592
19596
19598
19599
19601
19602
19604
19610
19614
19616
19622
19626
19627
19629
19630
19631
19634
19638
19644
19645
19649
19650
19651
19656
19669
19671
19676
19677
19678
19679
19684
19687
19690
19695
19700
19703
19705
19706
19710
19716
19717
19723
19724
19727
19731
19736
19738
19742
19743
19744
19751
19756
19758
19765
19767
19771
19772
19775
19777
19782
19784
19786
19787
19789
19790
19791
19792
19797
19798
19802
19803
19804
19810
19811
19813
19814
19815
19817
19819
19821
19823
19825
19828
19829
19830
19831
19834
19837
19839
19841
19842
19846
19847
19851
19853
19859
19862
19864
19866
19868
19870
19872
19877
19879
19880
19881
19882
19884
19885
19888
19891
19894
19895
19896
19899
19900
19901
19902
19905
19908
19911
19917
19918
19921
19924
19925
19926
19927
19930
19933
19934
19935
19936
19937
19938
19942
19946
19949
19953
19957
19958
19961
19963
19965
19966
19971
19972
19973
19975
19980
19981
19983
19989
19990
19992
19994
19997
19999
20022
20039
20048
20058
20062
20063
20066
20067
20069
20072
20078
20079
20081
20082
20083
20092
20103
20104
20105
20113
20115
20116
20119
20125
20127
20129
20132
20134
20138
20142
20148
20152
20153
20156
20162
20164
20165
20166
20167
20169
20171
20177
20179
20180
20182
20185
20187
20188
20191
20192
20196
20199
20200
20201
20206
20209
20211
20212
20218
20220
20222
20223
20230
20232
20233
20235
20238
20239
20241
20247
20250
20254
20256
20261
20262
20264
20268
20271
20272
20275
20278
20283
20284
20290
20292
20293
20295
20296
20299
20301
20305
20308
20309
20327
20329
20330
20333
20337
20341
20343
20345
20347
20350
20352
20353
20354
20357
20359
20361
20363
20364
20365
20366
20368
20369
20373
20377
20378
20380
20381
20383
20384
20389
20390
20392
20396
20397
20404
20408
20415
20423
20424
20425
20429
20432
20433
20435
20436
20442
20444
20446
20454
20455
20457
20458
20459
20463
20466
20468
20475
20477
20480
20482
20484
20486
20491
20493
20502
20503
20505
20507
20511
20512
20515
20516
20517
20523
20530
20532
20537
20539
20541
20545
20548
20550
20554
20564
20565
20566
20571
20572
20574
20577
20580
20581
20583
20586
20589
20592
20593
20595
20598
20600
20601
20603
20604
20605
20606
20610
20611
20617
20619
20620
20622
20624
20632
20641
20643
20644
20646
20647
20648
20649
20651
20653
20655
20657
20661
20663
20666
20667
20670
20674
20675
20678
20683
20684
20685
20689
20691
20694
20695
20699
20705
20706
20709
20717
20718
20720
20725
20729
20730
20736
20737
20739
20741
20742
20746
20747
20749
20752
20753
20754
20755
20756
20758
20759
20766
20772
20776
20778
20783
20789
20794
20797
20799
20800
20806
20809
20810
20811
20815
20816
20817
20818
20819
20820
20821
20822
20828
20833
20837
20838
20840
20842
20844
20848
20850
20852
20856
20858
20861
20862
20865
20868
20873
20879
20880
20881
20884
20885
20886
20891
20895
20896
20897
20902
20905
20908
20909
20910
20911
20914
20917
20918
20919
20920
20921
20922
20923
20924
20927
20931
20932
20934
20936
20937
20940
20944
20947
20950
20956
20957
20963
20966
20970
20974
20975
20976
20980
20981
20982
20988
20990
20992
20994
20996
20997
20998
21004
21022
21023
21027
21029
21032
21042
21043
21044
21045
21055
21059
21069
21071
21077
21083
21088
21090
21091
21097
21100
21102
21112
21114
21115
21122
21126
21129
21134
21139
21142
21144
21156
21157
21158
21160
21161
21162
21163
21165
21166
21171
21176
21177
21179
21182
21183
21184
21185
21187
21188
21189
21191
21192
21193
21194
21195
21197
21198
21199
21201
21206
21209
21211
21216
21217
21218
21221
21222
21226
21230
21234
21238
21239
21241
21242
21243
21246
21248
21249
21253
21254
21255
21256
21257
21259
21269
21270
21271
21272
21280
21282
21283
21285
21298
21302
21304
21307
21309
21310
21311
21312
21313
21323
21332
21335
21336
21338
21340
21342
21343
21347
21350
21351
21356
21358
21360
21361
21363
21364
21365
21366
21369
21370
21372
21376
21377
21379
21383
21384
21387
21388
21390
21392
21394
21395
21396
21397
21404
21405
21411
21413
21415
21417
21418
21420
21422
21423
21425
21428
21436
21438
21439
21445
21447
21449
21450
21459
21460
21461
21462
21467
21468
21469
21471
21478
21479
21480
21481
21483
21486
21488
21489
21492
21493
21495
21496
21497
21498
21503
21504
21506
21509
21511
21512
21514
21515
21518
21520
21523
21526
21527
21533
21535
21538
21544
21546
21547
21548
21549
21551
21554
21556
21557
21558
21561
21563
21564
21566
21570
21571
21574
21576
21583
21584
21585
21586
21593
21594
21595
21599
21602
21609
21610
21611
21613
21617
21618
21621
21622
21624
21626
21627
21631
21635
21638
21639
21641
21643
21644
21645
21646
21658
21661
21664
21669
21671
21673
21682
21684
21686
21688
21690
21692
21695
21696
21700
21704
21705
21706
21715
21719
21721
21725
21727
21728
21729
21732
21734
21735
21739
21740
21741
21744
21746
21754
21756
21757
21759
21768
21773
21774
21780
21781
21789
21792
21793
21794
21796
21797
21799
21802
21803
21804
21805
21809
21810
21814
21816
21818
21822
21823
21826
21827
21829
21832
21833
21837
21839
21840
21845
21847
21856
21864
21867
21869
21870
21871
21880
21881
21886
21890
21895
21898
21901
21904
21905
21906
21909
21910
21919
21920
21924
21928
21932
21933
21934
21935
21937
21940
21946
21949
21950
21951
21958
21960
21961
21963
21964
21968
21969
21970
21976
21977
21978
21980
21982
21983
21987
21991
21995
21996
21997
21998
21999
22004
22008
22009
22022
22024
22036
22052
22065
22068
22069
22070
22078
22081
22082
22083
22084
22085
22086
22090
22091
22096
22097
22099
22105
22109
22114
22115
22116
22122
22128
22132
22135
22136
22137
22140
22144
22145
22150
22151
22153
22154
22155
22156
22157
22161
22167
22168
22177
22182
22183
22188
22193
22196
22197
22208
22210
22212
22216
22217
22220
22230
22232
22235
22238
22239
22244
22245
22248
22249
22253
22254
22259
22261
22262
22268
22269
22270
22271
22273
22274
22275
22277
22278
22284
22290
22295
22296
22302
22304
22305
22307
22309
22311
22312
22313
22316
22318
22319
22320
22322
22325
22326
22332
22334
22335
22338
22339
22340
22342
22343
22345
22346
22348
22349
22351
22352
22353
22355
22356
22358
22359
22360
22363
22364
22367
22370
22373
22385
22386
22388
22390
22393
22394
22397
22398
22399
22403
22406
22409
22410
22411
22416
22418
22419
22422
22424
22425
22427
22430
22431
22432
22434
22436
22438
22440
22442
22447
22452
22453
22454
22455
22456
22460
22461
22462
22467
22468
22469
22471
22472
22478
22480
22483
22484
22486
22487
22494
22495
22496
22497
22501
22502
22504
22507
22509
22512
22518
22524
22528
22529
22532
22533
22534
22535
22544
22554
22563
22565
22566
22580
22584
22585
22587
22591
22595
22596
22598
22599
22601
22603
22607
22608
22611
22612
22613
22618
22619
22623
22626
22631
22638
22639
22640
22641
22648
22651
22656
22659
22660
22664
22668
22669
22672
22676
22682
22691
22694
22700
22704
22707
22708
22709
22713
22714
22715
22717
22719
22722
22725
22732
22733
22734
22739
22740
22741
22743
22745
22747
22749
22751
22758
22761
22762
22763
22765
22767
22769
22770
22774
22777
22782
22786
22787
22788
22790
22791
22796
22797
22803
22805
22813
22817
22818
22820
22823
22827
22829
22833
22840
22843
22846
22847
22849
22855
22858
22861
22865
22867
22868
22870
22872
22875
22879
22880
22884
22885
22891
22893
22896
22897
22898
22899
22900
22902
22907
22910
22911
22913
22915
22916
22926
22927
22930
22935
22937
22939
22940
22947
22952
22953
22954
22958
22963
22966
22970
22973
22984
22989
22992
22996
22998
22999
23002
23004
23005
23007
23012
23014
23016
23022
23027
23033
23038
23043
23052
23054
23056
23057
23058
23059
23075
23076
23079
23084
23087
23094
23097
23098
23104
23106
23107
23108
23109
23112
23118
23127
23130
23131
23132
23136
23137
23139
23150
23151
23159
23163
23165
23166
23167
23169
23170
23171
23174
23175
23177
23178
23179
23187
23189
23192
23196
23198
23200
23212
23213
23216
23220
23226
23228
23229
23231
23232
23238
23239
23241
23242
23244
23246
23248
23252
23260
23262
23265
23269
23271
23272
23274
23277
23278
23284
23287
23290
23291
23293
23294
23299
23300
23309
23311
23314
23319
23321
23325
23328
23329
23330
23332
23334
23335
23337
23339
23341
23342
23345
23346
23349
23350
23351
23352
23353
23355
23357
23359
23361
23370
23372
23374
23375
23376
23379
23381
23387
23389
23393
23398
23400
23408
23409
23412
23413
23416
23417
23418
23419
23422
23423
23424
23426
23428
23429
23432
23438
23450
23451
23456
23458
23461
23464
23467
23469
23471
23476
23481
23483
23484
23489
23491
23492
23493
23494
23496
23498
23500
23504
23507
23512
23513
23514
23518
23519
23521
23522
23523
23524
23526
23528
23532
23534
23537
23543
23546
23554
23557
23560
23561
23564
23570
23575
23579
23586
23587
23589
23591
23593
23595
23597
23599
23601
23603
23608
23613
23616
23619
23624
23625
23628
23629
23633
23643
23646
23647
23649
23650
23653
23654
23655
23657
23664
23666
23668
23670
23674
23678
23681
23683
23686
23690
23693
23694
23696
23699
23708
23710
23712
23715
23719
23722
23723
23724
23725
23727
23730
23734
23735
23737
23742
23749
23750
23754
23758
23759
23760
23761
23762
23764
23765
23766
23767
23768
23774
23776
23777
23779
23781
23788
23789
23790
23791
23799
23808
23811
23813
23814
23817
23818
23819
23820
23829
23830
23834
23836
23842
23847
23849
23853
23855
23856
23860
23862
23863
23864
23873
23874
23877
23878
23881
23882
23885
23886
23888
23891
23892
23894
23895
23896
23901
23907
23909
23911
23913
23916
23920
23928
23932
23935
23936
23943
23945
23948
23949
23952
23956
23963
23966
23967
23968
23971
23976
23980
23987
23993
23997
24003
24004
24006
24008
24009
24015
24018
24020
24021
24022
24033
24042
24049
24054
24066
24070
24073
24074
24076
24078
24080
24083
24085
24089
24091
24094
24097
24098
24101
24108
24109
24110
24113
24118
24124
24126
24128
24129
24134
24135
24136
24139
24140
24141
24143
24146
24147
24150
24151
24154
24160
24162
24168
24169
24170
24171
24172
24174
24175
24177
24184
24185
24190
24192
24196
24198
24199
24203
24204
24207
24209
24217
24218
24224
24235
24239
24240
24242
24244
24245
24247
24248
24249
24252
24259
24265
24269
24275
24278
24281
24284
24286
24288
24289
24291
24292
24294
24295
24297
24302
24304
24306
24307
24309
24311
24317
24320
24328
24330
24332
24333
24335
24341
24342
24343
24348
24353
24354
24357
24358
24359
24360
24361
24364
24365
24366
24368
24371
24372
24375
24376
24381
24382
24385
24387
24392
24394
24399
24401
24404
24405
24411
24420
24431
24433
24434
24445
24446
24447
24450
24452
24453
24461
24464
24467
24469
24470
24472
24475
24476
24477
24479
24484
24486
24487
24488
24492
24496
24498
24504
24506
24511
24515
24518
24522
24530
24536
24537
24539
24541
24543
24544
24545
24546
24550
24554
24555
24557
24559
24560
24565
24567
24568
24569
24572
24573
24574
24578
24583
24586
24587
24588
24590
24591
24597
24599
24600
24602
24606
24610
24613
24614
24616
24618
24619
24620
24623
24626
24629
24632
24636
24641
24642
24647
24648
24652
24653
24656
24657
24658
24659
24660
24663
24665
24667
24669
24675
24679
24680
24682
24683
24686
24689
24695
24696
24697
24702
24704
24705
24706
24708
24709
24711
24716
24722
24723
24729
24731
24744
24745
24746
24748
24750
24755
24756
24770
24773
24776
24785
24788
24789
24790
24792
24793
24795
24797
24799
24800
24804
24810
24811
24813
24815
24817
24819
24823
24831
24834
24837
24840
24841
24847
24848
24850
24854
24858
24860
24863
24874
24879
24885
24889
24890
24891
24892
24894
24896
24898
24901
24904
24907
24910
24914
24917
24918
24919
24921
24926
24929
24933
24937
24940
24941
24944
24946
24948
24949
24951
24955
24956
24957
24960
24961
24966
24967
24970
24972
24973
24975
24978
24984
24985
24988
24990
24992
24995
25002
25005
25008
25017
25029
25045
25063
25066
25069
25075
25081
25082
25084
25087
25088
25089
25090
25093
25094
25095
25102
25105
25107
25112
25113
25117
25118
25122
25124
25135
25138
25143
25144
25150
25154
25159
25163
25167
25168
25171
25175
25178
25180
25183
25187
25188
25193
25194
25197
25200
25201
25204
25207
25211
25212
25213
25218
25219
25220
25224
25227
25235
25236
25239
25240
25244
25249
25252
25253
25255
25257
25258
25264
25267
25271
25275
25276
25282
25283
25287
25294
25295
25299
25300
25301
25302
25308
25311
25315
25320
25323
25324
25326
25334
25337
25338
25339
25340
25343
25344
25346
25347
25351
25354
25355
25357
25359
25369
25370
25379
25380
25382
25384
25389
25391
25393
25396
25397
25399
25400
25402
25410
25413
25414
25415
25422
25429
25431
25435
25436
25437
25440
25441
25445
25446
25447
25448
25449
25450
25452
25455
25456
25457
25459
25463
25465
25468
25470
25471
25474
25475
25476
25477
25480
25482
25483
25484
25487
25491
25493
25494
25495
25498
25499
25500
25501
25507
25510
25515
25519
25522
25527
25529
25530
25531
25534
25541
25545
25547
25549
25551
25559
25561
25564
25574
25575
25577
25581
25582
25590
25591
25592
25596
25599
25600
25601
25602
25606
25607
25611
25612
25614
25617
25618
25619
25620
25625
25629
25631
25633
25636
25639
25643
25645
25646
25648
25653
25656
25659
25662
25663
25664
25665
25666
25667
25668
25670
25672
25673
25675
25676
25677
25679
25680
25686
25692
25696
25697
25699
25700
25704
25705
25706
25709
25710
25711
25715
25724
25725
25726
25727
25728
25730
25732
25734
25735
25739
25741
25747
25748
25753
25761
25767
25768
25769
25770
25772
25773
25778
25781
25782
25786
25790
25793
25794
25796
25801
25802
25805
25807
25809
25810
25815
25817
25821
25822
25825
25826
25829
25831
25835
25836
25839
25842
25847
25850
25855
25856
25858
25861
25862
25864
25871
25872
25874
25875
25878
25882
25883
25884
25887
25890
25893
25895
25899
25902
25905
25907
25909
25912
25915
25916
25919
25922
25927
25929
25930
25931
25933
25936
25937
25940
25942
25945
25946
25948
25949
25950
25954
25955
25956
25957
25958
25959
25962
25967
25968
25970
25974
25976
25977
25978
25979
25982
25984
25986
25993
25994
25995
25996
25998
26005
26013
26021
26040
26059
26061
26065
26067
26069
26072
26087
26089
26091
26094
26096
26099
26100
26101
26108
26112
26119
26121
26122
26123
26124
26127
26135
26137
26139
26143
26150
26152
26153
26156
26160
26168
26171
26174
26175
26179
26180
26185
26193
26197
26199
26200
26201
26205
26208
26209
26212
26213
26218
26219
26220
26225
26228
26236
26239
26243
26245
26252
26254
26255
26259
26262
26263
26265
26266
26271
26277
26278
26280
26283
26287
26291
26293
26297
26298
26299
26302
26303
26308
26312
26315
26325
26335
26336
26340
26353
26357
26359
26364
26365
26368
26371
26372
26373
26377
26383
26387
26391
26393
26395
26402
26406
26410
26414
26417
26420
26422
26428
26429
26430
26431
26432
26436
26437
26440
26449
26451
26455
26457
26465
26466
26468
26469
26470
26478
26487
26490
26494
26498
26500
26501
26502
26503
26506
26508
26511
26513
26515
26516
26518
26519
26521
26522
26525
26530
26543
26544
26545
26546
26549
26553
26556
26557
26558
26559
26562
26565
26569
26572
26587
26590
26593
26595
26596
26599
26600
26601
26609
26616
26621
26627
26632
26633
26635
26645
26646
26647
26649
26652
26656
26658
26660
26661
26666
26669
26671
26675
26676
26677
26679
26681
26685
26694
26697
26702
26706
26708
26710
26712
26713
26717
26719
26720
26721
26723
26724
26727
26728
26731
26732
26733
26741
26742
26747
26750
26751
26753
26754
26755
26759
26761
26769
26771
26776
26781
26782
26786
26788
26789
26791
26792
26793
26794
26795
26798
26800
26801
26809
26813
26814
26816
26817
26818
26820
26821
26824
26827
26831
26835
26838
26839
26843
26847
26848
26852
26858
26859
26862
26863
26865
26868
26869
26871
26872
26875
26877
26878
26892
26894
26895
26898
26901
26902
26905
26909
26910
26914
26915
26916
26921
26924
26925
26928
26931
26934
26937
26940
26946
26960
26964
26965
26971
26972
26975
26980
26985
26988
26990
26999
27003
27006
27038
27049
27062
27066
27068
27070
27073
27075
27077
27079
27080
27084
27085
27087
27092
27111
27112
27113
27114
27116
27117
27121
27122
27123
27129
27130
27136
27137
27140
27141
27142
27144
27148
27149
27151
27157
27158
27162
27167
27168
27169
27173
27176
27191
27193
27194
27198
27206
27208
27209
27212
27216
27218
27219
27223
27229
27230
27235
27240
27241
27244
27245
27247
27253
27255
27259
27261
27263
27273
27276
27281
27282
27283
27285
27292
27295
27296
27298
27299
27302
27304
27309
27310
27316
27317
27321
27323
27324
27325
27330
27333
27334
27335
27337
27342
27347
27348
27349
27352
27354
27356
27357
27358
27363
27368
27371
27377
27378
27379
27386
27392
27395
27403
27406
27411
27414
27416
27417
27418
27419
27420
27423
27424
27426
27430
27432
27433
27434
27435
27437
27440
27442
27443
27448
27452
27453
27454
27457
27458
27463
27466
27467
27471
27476
27478
27479
27480
27487
27488
27491
27492
27497
27498
27500
27501
27505
27510
27511
27512
27513
27514
27521
27525
27526
27528
27529
27531
27534
27535
27539
27540
27543
27549
27554
27557
27561
27564
27569
27570
27577
27578
27580
27581
27597
27599
27600
27605
27607
27608
27610
27612
27613
27615
27619
27620
27624
27631
27632
27634
27637
27643
27648
27659
27660
27668
27673
27674
27676
27681
27683
27686
27687
27688
27690
27691
27692
27694
27695
27696
27701
27704
27707
27710
27714
27721
27724
27725
27728
27729
27732
27735
27739
27740
27745
27746
27747
27748
27749
27751
27753
27754
27757
27759
27760
27766
27767
27768
27771
27774
27776
27780
27781
27784
27786
27787
27789
27791
27793
27794
27796
27798
27801
27802
27806
27807
27808
27810
27812
27815
27816
27817
27819
27822
27827
27829
27833
27840
27843
27846
27847
27852
27854
27859
27860
27861
27863
27867
27869
27870
27872
27873
27874
27876
27877
27879
27885
27887
27888
27889
27891
27892
27896
27899
27900
27902
27903
27904
27906
27909
27910
27912
27920
27921
27922
27924
27925
27926
27927
27929
27933
27937
27940
27941
27943
27947
27950
27954
27956
27959
27970
27971
27977
27978
27979
27980
27982
27986
27987
27988
27990
27996
27998
27999
28004
28005
28011
28018
28028
28034
28038
28039
28061
28082
28086
28087
28091
28096
28098
28101
28102
28104
28109
28110
28114
28118
28119
28120
28122
28124
28125
28126
28127
28129
28130
28135
28136
28138
28143
28145
28150
28153
28155
28156
28162
28164
28165
28167
28178
28181
28182
28184
28188
28192
28197
28198
28200
28207
28214
28215
28218
28221
28223
28226
28227
28229
28230
28237
28239
28241
28251
28252
28253
28254
28260
28264
28267
28268
28283
28285
28288
28293
28298
28299
28306
28310
28313
28322
28324
28333
28335
28337
28339
28343
28344
28346
28348
28354
28355
28356
28357
28358
28359
28360
28363
28364
28365
28367
28369
28371
28372
28373
28376
28379
28382
28388
28392
28396
28397
28400
28401
28404
28408
28409
28413
28415
28416
28417
28424
28425
28427
28436
28439
28443
28449
28452
28454
28457
28460
28465
28472
28474
28476
28477
28479
28482
28483
28484
28486
28487
28489
28492
28500
28502
28504
28505
28508
28512
28514
28516
28517
28520
28521
28526
28530
28534
28536
28547
28550
28554
28555
28557
28564
28571
28577
28578
28579
28581
28583
28584
28586
28587
28588
28592
28593
28595
28597
28599
28606
28607
28611
28614
28619
28623
28627
28628
28634
28637
28638
28639
28640
28641
28643
28644
28650
28652
28653
28657
28663
28665
28666
28667
28685
28686
28688
28691
28694
28697
28699
28700
28702
28709
28713
28714
28715
28716
28717
28724
28726
28729
28731
28737
28740
28744
28747
28748
28753
28756
28758
28761
28763
28766
28767
28769
28770
28771
28772
28773
28774
28776
28782
28784
28785
28789
28791
28793
28798
28800
28801
28805
28810
28811
28814
28815
28817
28818
28821
28825
28826
28827
28832
28833
28835
28837
28839
28841
28844
28846
28848
28855
28856
28859
28862
28864
28865
28866
28870
28876
28879
28889
28896
28898
28901
28903
28905
28906
28907
28910
28911
28912
28913
28915
28916
28918
28919
28923
28925
28928
28930
28932
28934
28935
28937
28948
28952
28954
28955
28959
28960
28961
28963
28966
28968
28970
28975
28978
28983
28985
28988
28992
29013
29014
29020
29039
29043
29054
29055
29057
29063
29069
29073
29076
29084
29088
29092
29095
29096
29098
29100
29101
29106
29111
29114
29115
29118
29119
29122
29123
29124
29127
29133
29134
29135
29136
29138
29141
29148
29151
29152
29153
29154
29155
29156
29162
29165
29170
29177
29185
29194
29198
29201
29202
29203
29207
29209
29215
29218
29219
29221
29223
29224
29227
29231
29240
29241
29242
29243
29253
29254
29263
29265
29273
29280
29281
29282
29286
29289
29290
29294
29295
29303
29304
29306
29308
29311
29312
29314
29321
29325
29326
29328
29330
29331
29336
29338
29339
29344
29346
29349
29350
29351
29354
29358
29365
29366
29371
29372
29374
29377
29381
29382
29383
29384
29389
29395
29396
29400
29401
29406
29407
29409
29410
29414
29417
29420
29421
29422
29423
29426
29435
29436
29437
29440
29444
29448
29451
29457
29460
29461
29463
29464
29465
29470
29473
29479
29482
29486
29491
29493
29499
29500
29501
29507
29508
29511
29513
29516
29518
29519
29522
29529
29533
29535
29536
29537
29538
29541
29543
29544
29545
29546
29549
29550
29551
29557
29558
29567
29570
29571
29572
29577
29579
29580
29582
29584
29586
29587
29588
29592
29596
29598
29599
29601
29605
29607
29610
29612
29614
29616
29618
29623
29625
29626
29632
29633
29634
29638
29645
29648
29650
29653
29656
29657
29658
29659
29662
29665
29668
29671
29672
29675
29678
29682
29687
29688
29691
29693
29695
29696
29701
29702
29704
29711
29712
29713
29717
29718
29719
29720
29721
29722
29724
29728
29729
29730
29733
29735
29739
29740
29742
29744
29746
29748
29754
29760
29762
29766
29768
29774
29775
29779
29781
29791
29793
29795
29797
29799
29800
29801
29802
29804
29805
29806
29807
29813
29814
29817
29818
29823
29826
29828
29830
29831
29833
29834
29835
29838
29839
29842
29847
29848
29851
29852
29855
29856
29858
29859
29861
29862
29863
29865
29868
29872
29874
29878
29879
29881
29883
29884
29892
29893
29896
29902
29906
29908
29912
29918
29920
29923
29929
29931
29933
29935
29939
29941
29947
29958
29959
29960
29967
29968
29971
29972
29975
29976
29977
29980
29981
29995
29997
29998
30001
30028
30030
30046
30048
30050
30052
30057
30062
30063
30065
30072
30074
30075
30078
30081
30090
30093
30097
30099
30101
30107
30113
30115
30117
30118
30120
30124
30125
30129
30131
30133
30135
30136
30139
30142
30143
30144
30145
30147
30150
30151
30153
30157
30159
30161
30166
30168
30169
30171
30175
30182
30184
30186
30192
30199
30202
30203
30209
30210
30214
30217
30220
30221
30222
30230
30237
30241
30242
30245
30246
30257
30262
30266
30268
30270
30272
30274
30275
30279
30282
30285
30286
30293
30295
30296
30297
30302
30307
30308
30312
30315
30317
30318
30319
30321
30324
30326
30327
30328
30329
30331
30333
30334
30336
30337
30342
30343
30345
30346
30347
30348
30352
30353
30356
30365
30366
30368
30369
30372
30375
30385
30386
30388
30395
30396
30397
30400
30401
30403
30405
30407
30409
30413
30415
30417
30418
30419
30423
30425
30430
30437
30442
30443
30447
30451
30452
30453
30454
30459
30460
30463
30467
30470
30474
30475
30477
30480
30484
30485
30490
30493
30494
30496
30497
30498
30504
30509
30511
30513
30515
30520
30521
30522
30523
30528
30531
30535
30537
30538
30542
30543
30544
30546
30547
30554
30559
30560
30561
30563
30565
30567
30568
30569
30571
30575
30577
30578
30583
30587
30588
30592
30593
30594
30596
30600
30602
30603
30604
30607
30611
30612
30617
30618
30620
30622
30623
30625
30626
30627
30630
30641
30647
30649
30655
30657
30658
30659
30663
30664
30668
30671
30672
30674
30677
30688
30690
30692
30694
30698
30703
30704
30709
30711
30713
30717
30718
30719
30722
30723
30727
30728
30731
30734
30738
30740
30741
30742
30743
30748
30749
30754
30755
30756
30757
30761
30764
30766
30770
30771
30774
30777
30780
30781
30783
30786
30794
30795
30796
30797
30798
30799
30801
30804
30805
30809
30810
30813
30814
30815
30818
30819
30821
30822
30824
30825
30828
30831
30832
30843
30844
30850
30852
30853
30856
30860
30868
30870
30876
30878
30879
30880
30881
30882
30883
30887
30888
30893
30897
30898
30901
30907
30908
30910
30911
30922
30924
30926
30928
30940
30941
30942
30944
30955
30957
30959
30962
30963
30966
30971
30976
30977
30978
30980
30983
30987
30992
30993
30994
30998
31009
31033
31037
31042
31049
31053
31056
31066
31071
31073
31076
31083
31084
31085
31086
31087
31088
31090
31091
31095
31096
31098
31102
31103
31104
31106
31107
31108
31110
31112
31113
31124
31126
31130
31131
31136
31138
31139
31141
31142
31144
31147
31149
31150
31155
31157
31158
31159
31161
31162
31165
31166
31170
31183
31187
31188
31189
31192
31194
31195
31197
31204
31210
31213
31215
31222
31225
31232
31233
31240
31241
31245
31253
31254
31255
31256
31259
31272
31279
31282
31286
31288
31290
31292
31293
31298
31299
31303
31308
31309
31314
31317
31319
31321
31323
31326
31327
31336
31340
31341
31343
31344
31349
31350
31357
31358
31363
31366
31371
31372
31373
31377
31382
31389
31391
31393
31399
31401
31403
31406
31407
31409
31410
31411
31412
31413
31414
31415
31418
31419
31420
31421
31424
31427
31428
31435
31437
31438
31439
31440
31447
31450
31457
31459
31460
31462
31470
31471
31472
31474
31476
31477
31480
31482
31484
31486
31488
31489
31493
31494
31495
31496
31499
31502
31505
31506
31507
31509
31510
31512
31517
31518
31519
31521
31522
31527
31533
31534
31540
31549
31550
31552
31553
31554
31559
31560
31567
31568
31569
31574
31578
31583
31584
31588
31591
31592
31593
31594
31598
31600
31602
31604
31605
31607
31608
31610
31613
31615
31621
31628
31630
31632
31633
31634
31637
31639
31641
31644
31646
31648
31650
31652
31658
31663
31666
31667
31669
31670
31672
31673
31676
31677
31679
31682
31683
31688
31691
31692
31693
31695
31704
31705
31716
31717
31720
31723
31728
31729
31730
31732
31735
31738
31743
31748
31752
31754
31755
31760
31771
31773
31779
31788
31794
31795
31797
31800
31802
31803
31805
31813
31818
31819
31822
31833
31834
31837
31838
31841
31846
31848
31849
31853
31857
31877
31880
31882
31885
31886
31887
31901
31903
31904
31905
31907
31909
31912
31922
31925
31926
31928
31929
31931
31938
31943
31945
31947
31949
31956
31959
31963
31965
31966
31967
31971
31974
31978
31979
31980
31983
31984
31985
31986
31989
31992
31996
31997
32003
32009
32010
32022
32039
32043
32044
32053
32054
32059
32060
32061
32065
32066
32070
32071
32074
32077
32079
32086
32087
32088
32093
32094
32097
32098
32101
32102
32105
32107
32112
32114
32117
32119
32121
32123
32126
32129
32132
32134
32140
32145
32146
32149
32150
32152
32154
32156
32158
32159
32161
32163
32164
32167
32174
32176
32178
32179
32181
32184
32185
32186
32188
32192
32193
32194
32197
32198
32199
32203
32205
32206
32208
32209
32212
32217
32218
32224
32230
32231
32232
32233
32240
32241
32243
32248
32249
32252
32253
32255
32256
32257
32262
32263
32265
32266
32270
32272
32275
32277
32279
32281
32286
32290
32291
32293
32300
32301
32302
32305
32306
32315
32319
32322
32323
32324
32327
32329
32331
32336
32337
32338
32340
32344
32345
32346
32348
32350
32353
32355
32358
32359
32363
32366
32368
32377
32379
32380
32390
32392
32399
32400
32412
32414
32417
32418
32420
32422
32423
32424
32425
32432
32434
32435
32438
32440
32446
32451
32455
32457
32465
32469
32477
32480
32483
32484
32488
32489
32490
32492
32495
32498
32499
32501
32502
32503
32504
32505
32506
32508
32512
32515
32522
32525
32531
32535
32537
32538
32539
32541
32542
32544
32550
32557
32560
32562
32563
32564
32565
32567
32570
32573
32574
32579
32582
32585
32586
32590
32591
32592
32596
32600
32603
32605
32608
32610
32611
32612
32617
32619
32622
32624
32627
32631
32632
32633
32637
32639
32640
32645
32646
32652
32658
32659
32660
32661
32664
32668
32669
32671
32674
32675
32680
32682
32687
32695
32696
32698
32700
32702
32706
32710
32716
32720
32726
32729
32730
32733
32734
32742
32746
32747
32749
32751
32753
32756
32760
32761
32766
32768
32770
32772
32775
32777
32778
32779
32782
32784
32785
32787
32792
32793
32794
32796
32798
32800
32803
32804
32805
32812
32815
32816
32820
32821
32822
32827
32832
32833
32834
32836
32840
32841
32845
32848
32850
32851
32852
32853
32855
32859
32860
32861
32862
32863
32866
32868
32870
32871
32872
32874
32878
32880
32893
32896
32899
32900
32901
32907
32908
32913
32914
32915
32916
32918
32925
32933
32934
32935
32939
32942
32946
32947
32948
32956
32959
32960
32963
32964
32965
32973
32974
32975
32982
32985
32986
32987
32988
32994
32999
33003
33004
33022
33043
33049
33055
33064
33065
33069
33070
33072
33073
33074
33076
33079
33082
33086
33089
33090
33091
33094
33095
33098
33099
33102
33103
33104
33109
33119
33121
33125
33139
33144
33145
33146
33148
33152
33153
33155
33156
33157
33167
33171
33181
33182
33183
33184
33185
33194
33196
33198
33200
33201
33203
33209
33212
33214
33215
33217
33220
33221
33222
33224
33226
33228
33230
33235
33237
33238
33241
33242
33249
33251
33255
33259
33260
33262
33273
33280
33281
33282
33283
33287
33288
33294
33296
33300
33301
33304
33305
33306
33307
33309
33311
33312
33313
33317
33318
33320
33324
33330
33331
33332
33334
33338
33342
33346
33350
33351
33355
33358
33359
33361
33362
33363
33366
33367
33368
33370
33373
33375
33378
33380
33381
33383
33386
33387
33388
33391
33393
33395
33396
33397
33398
33403
33407
33409
33410
33412
33413
33423
33424
33435
33436
33437
33439
33441
33446
33448
33449
33450
33451
33454
33459
33460
33464
33466
33475
33477
33478
33482
33487
33489
33491
33492
33496
33498
33501
33504
33507
33508
33510
33515
33518
33520
33532
33540
33544
33546
33548
33550
33557
33558
33559
33562
33565
33566
33568
33570
33573
33575
33577
33578
33580
33582
33589
33590
33592
33593
33598
33602
33605
33608
33609
33610
33611
33612
33613
33614
33617
33618
33619
33629
33630
33632
33635
33636
33639
33645
33647
33648
33649
33654
33660
33661
33663
33669
33670
33671
33672
33675
33681
33683
33686
33688
33690
33693
33695
33696
33699
33705
33710
33716
33718
33722
33728
33730
33733
33735
33737
33744
33746
33748
33749
33752
33753
33759
33760
33766
33767
33769
33771
33773
33777
33778
33783
33787
33791
33793
33794
33797
33798
33805
33808
33811
33812
33814
33815
33816
33817
33820
33822
33824
33825
33826
33827
33833
33840
33842
33846
33849
33850
33853
33859
33861
33862
33863
33867
33869
33872
33873
33875
33876
33879
33888
33890
33893
33895
33898
33899
33900
33901
33904
33905
33908
33909
33910
33911
33912
33914
33918
33921
33923
33931
33932
33934
33935
33936
33937
33941
33944
33946
33947
33949
33963
33968
33973
33977
33981
33983
33984
33985
33986
33988
33989
33992
33994
33997
33999
34003
34010
34027
34036
34043
34049
34050
34053
34057
34065
34066
34070
34074
34080
34082
34084
34085
34092
34096
34098
34100
34102
34108
34109
34113
34116
34118
34122
34126
34129
34133
34137
34142
34145
34147
34152
34155
34158
34162
34169
34170
34172
34174
34175
34176
34180
34185
34186
34188
34191
34198
34202
34206
34208
34209
34213
34217
34218
34222
34223
34233
34237
34238
34241
34243
34245
34246
34249
34250
34255
34257
34258
34263
34266
34267
34268
34270
34273
34282
34284
34286
34291
34293
34294
34295
34297
34302
34311
34315
34321
34324
34336
34338
34349
34351
34353
34354
34361
34363
34372
34374
34376
34379
34380
34388
34395
34398
34401
34406
34410
34411
34412
34416
34418
34419
34420
34421
34423
34425
34426
34429
34430
34432
34434
34436
34438
34439
34441
34444
34450
34454
34457
34458
34461
34464
34466
34472
34474
34475
34476
34479
34480
34484
34488
34489
34491
34492
34493
34496
34499
34504
34505
34506
34507
34509
34510
34515
34518
34519
34521
34522
34523
34528
34533
34537
34539
34540
34544
34545
34552
34553
34555
34557
34562
34564
34565
34566
34571
34572
34575
34577
34579
34580
34581
34582
34591
34592
34593
34594
34595
34596
34601
34602
34604
34606
34622
34623
34624
34625
34629
34636
34641
34642
34644
34653
34654
34657
34661
34665
34666
34667
34670
34673
34681
34683
34686
34688
34691
34692
34694
34695
34697
34700
34703
34704
34707
34708
34709
34712
34716
34719
34720
34726
34731
34733
34735
34737
34738
34739
34740
34742
34752
34753
34758
34763
34770
34771
34777
34780
34782
34785
34789
34791
34793
34795
34796
34800
34801
34806
34808
34810
34814
34815
34821
34823
34825
34826
34831
34834
34835
34840
34850
34859
34861
34865
34867
34868
34869
34872
34874
34875
34877
34881
34882
34885
34887
34888
34891
34897
34904
34905
34906
34908
34912
34919
34920
34925
34932
34935
34938
34939
34940
34942
34945
34949
34950
34957
34958
34959
34962
34964
34967
34970
34973
34976
34977
34980
34984
34986
34987
34988
34989
34992
34993
34994
34995
34996
34997
35000
35015
35018
35021
35026
35033
35055
35062
35063
35065
35067
35069
35072
35073
35077
35078
35080
35081
35083
35087
35088
35091
35092
35093
35094
35097
35104
35108
35112
35115
35118
35120
35123
35128
35131
35135
35138
35142
35143
35145
35148
35149
35151
35154
35156
35157
35158
35161
35162
35163
35164
35165
35168
35169
35170
35174
35177
35178
35179
35186
35187
35192
35193
35195
35198
35200
35205
35211
35213
35217
35219
35223
35227
35231
35234
35236
35242
35243
35245
35247
35249
35251
35255
35256
35257
35258
35259
35260
35268
35272
35273
35274
35276
35277
35279
35286
35290
35291
35294
35295
35298
35302
35306
35311
35319
35325
35331
35332
35333
35337
35338
35343
35346
35351
35352
35353
35357
35358
35359
35360
35361
35363
35365
35370
35372
35373
35383
35384
35387
35392
35395
35398
35399
35401
35403
35405
35407
35408
35412
35416
35417
35419
35420
35421
35423
35424
35425
35427
35428
35432
35435
35439
35441
35448
35452
35454
35455
35456
35460
35464
35470
35471
35475
35478
35485
35487
35488
35490
35491
35493
35495
35498
35499
35500
35501
35502
35504
35506
35508
35510
35513
35518
35519
35522
35527
35534
35540
35541
35543
35554
35555
35556
35559
35566
35568
35569
35570
35572
35576
35578
35581
35584
35586
35589
35590
35591
35592
35593
35594
35596
35598
35601
35611
35614
35615
35620
35622
35625
35633
35635
35643
35646
35647
35651
35654
35655
35656
35658
35659
35660
35661
35662
35663
35667
35672
35674
35675
35676
35680
35682
35683
35685
35687
35695
35697
35699
35700
35703
35704
35706
35707
35710
35711
35713
35714
35716
35718
35720
35721
35724
35729
35732
35733
35735
35739
35740
35744
35746
35747
35751
35752
35754
35755
35759
35760
35762
35770
35775
35776
35780
35781
35782
35785
35788
35789
35792
35795
35798
35799
35802
35803
35804
35806
35812
35814
35817
35818
35820
35822
35825
35833
35834
35837
35843
35852
35854
35857
35858
35859
35874
35875
35876
35886
35887
35888
35890
35895
35896
35897
35899
35901
35902
35903
35906
35907
35908
35917
35918
35921
35925
35929
35931
35939
35942
35943
35944
35945
35948
35949
35955
35956
35957
35965
35970
35972
35974
35981
35983
35984
35986
35987
35989
35991
35992
35994
35996
36000
36003
36007
36011
36012
36016
36029
36037
36045
36049
36057
36060
36072
36073
36074
36075
36077
36080
36084
36088
36095
36097
36098
36101
36103
36105
36106
36110
36118
36122
36123
36129
36130
36131
36133
36136
36139
36140
36145
36146
36154
36155
36158
36165
36168
36172
36173
36176
36178
36179
36183
36190
36191
36196
36198
36201
36202
36204
36214
36221
36222
36223
36225
36226
36227
36230
36231
36233
36234
36238
36240
36242
36243
36245
36247
36258
36260
36263
36266
36268
36270
36272
36273
36276
36277
36278
36281
36283
36284
36289
36291
36302
36307
36308
36309
36310
36314
36315
36316
36318
36319
36321
36322
36323
36327
36329
36330
36331
36332
36333
36335
36337
36343
36345
36347
36351
36353
36354
36355
36356
36357
36358
36362
36364
36370
36372
36373
36374
36377
36378
36383
36385
36386
36388
36392
36398
36399
36404
36406
36407
36412
36420
36421
36422
36429
36433
36436
36438
36439
36441
36442
36443
36452
36455
36456
36458
36461
36463
36466
36467
36469
36473
36476
36481
36483
36484
36486
36492
36495
36496
36499
36502
36504
36507
36508
36509
36513
36524
36531
36532
36538
36543
36545
36547
36548
36549
36552
36553
36554
36561
36564
36566
36568
36569
36572
36573
36578
36580
36581
36583
36586
36588
36590
36592
36594
36602
36605
36607
36609
36611
36615
36616
36617
36619
36621
36623
36625
36627
36634
36635
36636
36637
36642
36643
36644
36645
36646
36657
36662
36665
36667
36668
36672
36675
36677
36678
36680
36682
36683
36690
36691
36697
36698
36702
36703
36707
36712
36714
36720
36723
36724
36731
36735
36736
36744
36745
36749
36753
36754
36755
36756
36759
36762
36770
36772
36775
36779
36782
36783
36785
36791
36792
36793
36800
36801
36804
36807
36809
36811
36812
36813
36814
36817
36820
36823
36824
36827
36828
36831
36832
36837
36844
36847
36848
36850
36853
36861
36863
36866
36870
36873
36874
36881
36882
36885
36887
36888
36893
36895
36897
36901
36905
36909
36913
36917
36921
36923
36925
36927
36929
36930
36934
36937
36940
36941
36942
36943
36947
36948
36951
36954
36955
36958
36964
36966
36970
36971
36973
36977
36979
36985
36988
36989
36999
37004
37011
37017
37020
37021
37030
37043
37056
37057
37059
37060
37063
37066
37072
37074
37076
37082
37084
37088
37089
37095
37098
37100
37102
37109
37112
37114
37117
37121
37122
37123
37125
37126
37127
37130
37131
37132
37133
37137
37142
37143
37144
37145
37146
37148
37149
37150
37152
37157
37160
37161
37163
37164
37165
37172
37173
37177
37181
37185
37187
37189
37190
37191
37192
37195
37198
37202
37203
37205
37206
37207
37208
37210
37213
37219
37220
37221
37227
37228
37232
37235
37236
37237
37246
37247
37251
37254
37255
37261
37263
37270
37272
37273
37282
37288
37299
37300
37301
37304
37307
37308
37316
37319
37336
37338
37345
37346
37348
37350
37355
37356
37358
37360
37363
37367
37368
37369
37370
37372
37374
37376
37377
37378
37381
37382
37384
37387
37388
37392
37393
37394
37395
37397
37399
37402
37404
37405
37406
37407
37412
37417
37418
37421
37425
37434
37438
37439
37441
37443
37451
37452
37454
37456
37459
37460
37464
37465
37468
37469
37470
37474
37477
37479
37480
37490
37492
37493
37497
37500
37501
37502
37503
37506
37507
37508
37509
37511
37517
37518
37519
37521
37522
37523
37525
37527
37528
37533
37535
37537
37538
37542
37545
37550
37551
37552
37553
37554
37559
37572
37580
37583
37585
37587
37589
37593
37594
37595
37596
37598
37601
37602
37604
37605
37609
37614
37616
37617
37619
37620
37621
37622
37623
37624
37626
37627
37629
37630
37632
37633
37636
37645
37647
37648
37649
37651
37653
37656
37662
37674
37675
37677
37681
37682
37685
37691
37694
37695
37699
37701
37703
37706
37715
37716
37721
37722
37728
37730
37733
37737
37738
37741
37742
37743
37745
37746
37749
37751
37755
37761
37765
37767
37773
37774
37775
37776
37779
37780
37782
37783
37784
37786
37790
37791
37792
37796
37799
37803
37805
37806
37810
37811
37813
37822
37824
37828
37829
37834
37836
37838
37839
37841
37844
37845
37847
37848
37851
37854
37858
37861
37863
37865
37866
37868
37870
37871
37875
37878
37879
37881
37883
37884
37887
37888
37891
37893
37895
37896
37897
37898
37900
37903
37904
37905
37906
37909
37912
37913
37915
37916
37917
37919
37921
37922
37925
37929
37931
37932
37937
37939
37941
37942
37945
37946
37949
37950
37951
37954
37957
37959
37961
37962
37963
37964
37967
37968
37971
37972
37973
37976
37979
37981
37987
37989
37990
37991
37996
37999
38013
38022
38024
38030
38040
38041
38048
38050
38064
38065
38067
38068
38071
38073
38084
38085
38086
38091
38092
38093
38097
38098
38100
38105
38106
38107
38111
38113
38114
38117
38118
38132
38133
38139
38140
38141
38147
38150
38151
38153
38155
38159
38161
38164
38165
38167
38168
38171
38172
38174
38178
38186
38195
38203
38205
38206
38210
38214
38217
38220
38221
38227
38231
38232
38241
38244
38245
38250
38251
38252
38254
38255
38257
38258
38261
38266
38270
38273
38275
38276
38277
38290
38291
38295
38297
38298
38300
38301
38304
38305
38307
38310
38311
38317
38319
38320
38325
38329
38330
38332
38333
38334
38335
38336
38337
38342
38346
38348
38352
38357
38359
38362
38363
38364
38370
38373
38378
38382
38384
38388
38392
38393
38394
38396
38398
38399
38403
38404
38406
38409
38410
38411
38417
38420
38422
38423
38424
38429
38432
38438
38439
38440
38446
38449
38451
38452
38457
38458
38460
38466
38474
38475
38477
38482
38485
38487
38488
38489
38490
38492
38496
38500
38501
38503
38505
38507
38508
38512
38515
38516
38523
38527
38529
38530
38531
38538
38539
38540
38543
38544
38546
38549
38551
38554
38558
38564
38569
38572
38577
38583
38585
38586
38587
38591
38595
38598
38599
38606
38607
38609
38616
38618
38620
38625
38627
38629
38634
38635
38639
38640
38641
38644
38647
38649
38652
38657
38658
38661
38662
38663
38664
38667
38670
38675
38678
38679
38680
38681
38682
38684
38685
38690
38694
38698
38704
38705
38708
38709
38714
38716
38720
38721
38724
38725
38729
38731
38733
38734
38744
38752
38754
38758
38759
38761
38772
38773
38779
38782
38784
38789
38794
38797
38799
38800
38802
38811
38814
38817
38822
38823
38824
38834
38835
38839
38841
38848
38850
38855
38860
38866
38867
38871
38874
38876
38877
38879
38881
38883
38884
38885
38889
38890
38894
38896
38898
38900
38907
38915
38921
38928
38934
38938
38942
38945
38946
38954
38955
38956
38963
38965
38968
38974
38976
38977
38978
38979
38980
38982
38985
38988
38996
38998
38999
39001
39010
39015
39016
39017
39028
39029
39030
39037
39044
39046
39053
39059
39061
39063
39069
39072
39078
39079
39084
39085
39086
39087
39092
39095
39098
39099
39101
39102
39108
39110
39114
39118
39119
39120
39123
39124
39127
39129
39130
39131
39135
39136
39140
39145
39149
39156
39159
39161
39169
39173
39174
39175
39177
39179
39186
39190
39196
39202
39204
39205
39211
39213
39228
39229
39234
39236
39240
39245
39248
39249
39254
39255
39258
39260
39262
39264
39265
39266
39274
39276
39286
39289
39292
39293
39295
39296
39299
39302
39304
39305
39314
39316
39317
39320
39321
39325
39326
39330
39332
39333
39335
39336
39337
39338
39349
39352
39355
39357
39359
39364
39365
39366
39367
39369
39372
39375
39378
39380
39386
39392
39393
39395
39397
39398
39404
39407
39411
39415
39418
39420
39421
39433
39435
39436
39442
39446
39448
39449
39457
39458
39461
39463
39464
39465
39467
39469
39472
39476
39481
39482
39483
39486
39487
39493
39496
39497
39500
39503
39506
39509
39511
39515
39517
39518
39519
39524
39526
39527
39532
39534
39540
39542
39547
39548
39550
39551
39558
39562
39566
39567
39571
39572
39573
39577
39581
39582
39584
39588
39591
39600
39603
39608
39611
39612
39614
39617
39618
39619
39621
39622
39624
39626
39632
39635
39645
39649
39651
39652
39654
39664
39669
39672
39676
39680
39684
39691
39692
39693
39695
39696
39702
39704
39710
39712
39714
39716
39718
39721
39726
39729
39730
39731
39733
39734
39738
39741
39742
39744
39745
39749
39752
39754
39755
39758
39759
39761
39763
39764
39765
39766
39770
39772
39776
39778
39779
39781
39783
39790
39791
39794
39799
39805
39807
39810
39813
39819
39823
39824
39826
39830
39831
39833
39835
39837
39851
39861
39863
39865
39866
39868
39871
39872
39876
39877
39878
39880
39881
39889
39890
39892
39896
39898
39903
39905
39906
39907
39910
39911
39912
39916
39920
39922
39932
39933
39935
39938
39939
39943
39950
39951
39955
39958
39959
39960
39961
39962
39967
39969
39971
39972
39979
39984
39986
39988
39991
39996
39997
40002
40004
40013
40019
40033
40036
40054
40061
40064
40069
40073
40077
40084
40088
40094
40095
40097
40099
40102
40107
40111
40116
40118
40120
40126
40133
40139
40140
40142
40145
40148
40150
40154
40155
40157
40158
40161
40168
40170
40171
40172
40174
40182
40186
40189
40190
40191
40195
40206
40207
40208
40210
40211
40212
40215
40216
40222
40224
40228
40235
40236
40237
40253
40266
40268
40276
40277
40278
40282
40284
40285
40290
40293
40294
40296
40299
40302
40304
40308
40310
40311
40312
40317
40318
40320
40321
40325
40326
40327
40328
40331
40333
40334
40337
40338
40341
40345
40347
40350
40352
40355
40361
40362
40368
40373
40378
40379
40380
40382
40385
40387
40396
40404
40405
40406
40410
40415
40416
40417
40418
40421
40422
40426
40427
40428
40429
40431
40432
40438
40439
40440
40444
40455
40458
40459
40462
40463
40467
40469
40476
40480
40482
40485
40486
40488
40490
40495
40499
40501
40502
40505
40506
40507
40508
40513
40515
40517
40520
40521
40526
40530
40537
40541
40545
40546
40550
40552
40553
40556
40562
40563
40566
40567
40570
40583
40587
40590
40591
40594
40595
40596
40597
40598
40599
40602
40603
40605
40611
40613
40616
40621
40623
40624
40634
40640
40653
40656
40657
40659
40661
40665
40666
40670
40671
40675
40678
40681
40684
40685
40687
40694
40695
40696
40697
40700
40704
40706
40707
40708
40709
40710
40712
40716
40718
40719
40723
40724
40727
40728
40731
40734
40735
40736
40741
40743
40748
40751
40752
40753
40754
40755
40757
40761
40764
40766
40775
40779
40780
40782
40785
40788
40790
40794
40795
40797
40802
40804
40805
40808
40812
40816
40817
40819
40820
40822
40826
40839
40840
40841
40842
40846
40847
40851
40855
40856
40857
40861
40862
40864
40871
40872
40873
40876
40878
40880
40881
40889
40890
40893
40895
40897
40898
40900
40902
40903
40909
40910
40911
40912
40914
40915
40917
40919
40921
40924
40925
40926
40929
40931
40933
40934
40935
40941
40943
40947
40953
40955
40956
40957
40963
40966
40969
40970
40975
40976
40977
40980
40988
40992
40994
40996
40998
41014
41030
41033
41041
41045
41051
41057
41061
41062
41068
41073
41081
41082
41083
41084
41086
41092
41098
41101
41106
41107
41109
41111
41116
41117
41120
41121
41122
41125
41129
41130
41131
41135
41136
41137
41140
41145
41149
41152
41153
41155
41156
41158
41159
41162
41163
41164
41166
41168
41169
41175
41176
41180
41181
41184
41185
41187
41189
41190
41192
41195
41200
41203
41207
41208
41210
41212
41216
41220
41221
41226
41227
41231
41232
41234
41236
41237
41240
41242
41244
41245
41246
41247
41249
41252
41254
41255
41260
41261
41265
41267
41270
41271
41274
41275
41277
41280
41285
41299
41303
41304
41308
41314
41316
41322
41326
41329
41334
41336
41339
41340
41343
41344
41348
41349
41351
41360
41361
41363
41364
41365
41373
41374
41377
41393
41395
41397
41398
41402
41404
41405
41406
41407
41408
41409
41410
41411
41419
41420
41421
41423
41427
41429
41435
41438
41439
41440
41441
41444
41445
41449
41452
41453
41458
41465
41467
41468
41469
41470
41473
41474
41476
41477
41480
41483
41485
41489
41490
41491
41493
41494
41495
41497
41498
41499
41502
41504
41508
41512
41516
41517
41519
41521
41522
41524
41526
41527
41528
41533
41536
41537
41541
41543
41553
41554
41556
41559
41563
41564
41565
41572
41575
41582
41585
41588
41590
41591
41593
41596
41597
41599
41600
41601
41602
41605
41610
41614
41615
41617
41620
41622
41624
41631
41632
41633
41634
41635
41636
41642
41644
41645
41646
41652
41655
41657
41658
41661
41662
41663
41664
41665
41667
41670
41677
41681
41682
41685
41688
41693
41696
41697
41698
41707
41709
41711
41713
41715
41717
41719
41727
41728
41729
41732
41733
41736
41737
41738
41740
41741
41743
41746
41748
41752
41755
41758
41760
41764
41765
41766
41770
41773
41774
41776
41777
41779
41785
41790
41791
41794
41796
41800
41801
41802
41804
41807
41811
41817
41818
41822
41823
41824
41826
41828
41836
41838
41839
41840
41842
41843
41844
41847
41851
41855
41857
41861
41864
41866
41870
41871
41875
41876
41880
41883
41884
41890
41897
41899
41903
41904
41906
41916
41920
41925
41927
41928
41929
41937
41941
41943
41948
41949
41952
41953
41959
41960
41964
41965
41970
41975
41982
41983
41986
41989
41990
41993
42009
42015
42030
42036
42038
42049
42052
42053
42059
42063
42065
42066
42069
42076
42077
42079
42085
42089
42090
42092
42096
42098
42101
42104
42107
42113
42116
42118
42119
42122
42124
42125
42126
42135
42138
42139
42141
42146
42150
42154
42156
42157
42160
42168
42173
42182
42183
42187
42190
42191
42192
42193
42195
42197
42198
42201
42202
42205
42207
42208
42209
42212
42216
42222
42227
42230
42232
42233
42236
42243
42247
42250
42251
42252
42254
42258
42263
42265
42267
42268
42269
42275
42276
42278
42280
42283
42284
42285
42289
42292
42294
42300
42304
42306
42307
42309
42314
42315
42318
42321
42326
42329
42332
42340
42341
42344
42348
42351
42357
42360
42361
42364
42366
42370
42375
42380
42384
42391
42394
42395
42400
42402
42404
42406
42410
42415
42423
42428
42432
42433
42434
42435
42439
42441
42442
42444
42445
42448
42449
42453
42458
42459
42461
42464
42465
42471
42472
42473
42476
42481
42484
42486
42487
42489
42491
42493
42494
42496
42501
42503
42506
42510
42511
42513
42515
42525
42526
42529
42534
42536
42540
42542
42543
42544
42545
42546
42548
42554
42565
42566
42568
42570
42573
42574
42577
42580
42584
42589
42593
42599
42600
42601
42602
42603
42604
42609
42611
42612
42615
42620
42621
42624
42626
42629
42634
42637
42643
42645
42646
42648
42654
42656
42658
42669
42671
42672
42673
42674
42680
42681
42683
42684
42685
42689
42691
42696
42697
42698
42700
42704
42705
42709
42711
42716
42718
42719
42722
42728
42729
42730
42731
42735
42736
42737
42738
42740
42743
42746
42750
42751
42753
42755
42756
42757
42758
42761
42762
42763
42770
42771
42773
42780
42785
42786
42792
42797
42800
42804
42805
42806
42816
42819
42820
42821
42823
42824
42832
42834
42837
42840
42842
42848
42853
42862
42871
42875
42876
42878
42879
42880
42881
42883
42886
42888
42892
42895
42896
42897
42906
42908
42909
42910
42912
42919
42920
42921
42931
42936
42938
42945
42947
42951
42954
42955
42956
42957
42958
42961
42962
42966
42970
42973
42983
42984
42985
42988
42991
42994
42996
42997
43015
43031
43033
43034
43037
43046
43050
43051
43056
43057
43064
43065
43068
43069
43071
43073
43075
43080
43081
43083
43085
43087
43090
43092
43094
43095
43098
43099
43101
43103
43105
43106
43107
43108
43112
43114
43115
43123
43125
43127
43129
43133
43136
43137
43139
43140
43145
43148
43152
43154
43155
43156
43157
43163
43168
43169
43172
43173
43176
43177
43178
43181
43183
43189
43193
43195
43197
43198
43206
43207
43210
43214
43215
43216
43218
43219
43224
43225
43227
43229
43235
43238
43242
43245
43246
43248
43249
43254
43256
43257
43259
43262
43270
43276
43278
43283
43284
43286
43288
43291
43295
43297
43298
43310
43312
43313
43314
43317
43318
43319
43320
43327
43331
43332
43338
43343
43348
43350
43352
43354
43356
43367
43369
43370
43371
43373
43377
43381
43382
43384
43386
43389
43391
43394
43399
43401
43402
43403
43405
43411
43414
43415
43418
43419
43422
43425
43426
43427
43429
43432
43433
43434
43436
43438
43443
43445
43447
43452
43460
43461
43462
43463
43464
43468
43470
43473
43474
43477
43479
43481
43484
43485
43488
43489
43490
43491
43492
43493
43495
43497
43499
43501
43503
43505
43506
43507
43509
43511
43513
43514
43516
43517
43519
43520
43521
43528
43529
43531
43532
43534
43535
43538
43540
43542
43549
43556
43561
43562
43563
43564
43567
43571
43572
43573
43574
43575
43577
43580
43584
43585
43587
43589
43590
43595
43597
43599
43603
43605
43607
43609
43612
43614
43617
43618
43620
43622
43624
43626
43629
43630
43632
43634
43636
43637
43644
43646
43649
43651
43657
43659
43660
43664
43667
43669
43671
43674
43678
43681
43684
43688
43689
43691
43692
43694
43703
43705
43707
43712
43714
43716
43717
43718
43719
43720
43722
43724
43725
43728
43733
43736
43739
43741
43747
43754
43755
43756
43760
43761
43764
43765
43772
43773
43775
43776
43778
43783
43784
43786
43793
43795
43799
43800
43803
43804
43806
43808
43809
43812
43816
43817
43820
43821
43829
43831
43836
43840
43842
43843
43844
43848
43849
43851
43852
43856
43860
43861
43863
43867
43868
43869
43874
43879
43882
43883
43892
43897
43899
43901
43902
43908
43909
43910
43911
43914
43920
43921
43927
43933
43934
43941
43945
43949
43950
43951
43961
43963
43970
43972
43973
43974
43977
43979
43981
43982
43983
43985
43988
43989
43992
43993
43994
43995
43999
44002
44008
44035
44039
44043
44051
44055
44061
44062
44064
44065
44066
44068
44074
44075
44076
44078
44081
44084
44087
44088
44099
44101
44110
44112
44115
44116
44117
44128
44129
44130
44137
44138
44145
44148
44155
44158
44159
44162
44163
44166
44169
44171
44174
44177
44179
44181
44185
44186
44187
44189
44190
44193
44196
44199
44202
44207
44208
44209
44211
44212
44222
44223
44224
44230
44231
44232
44233
44235
44237
44238
44242
44246
44247
44249
44252
44254
44260
44261
44269
44270
44272
44274
44277
44281
44284
44285
44287
44288
44290
44291
44295
44296
44302
44304
44309
44315
44316
44318
44324
44326
44335
44338
44342
44344
44354
44355
44356
44359
44364
44369
44371
44378
44379
44380
44386
44389
44390
44392
44397
44398
44400
44402
44403
44405
44408
44413
44420
44421
44423
44430
44431
44433
44437
44442
44444
44445
44446
44448
44449
44451
44453
44456
44458
44461
44464
44466
44470
44471
44477
44481
44484
44485
44487
44490
44493
44494
44497
44500
44501
44503
44506
44508
44512
44513
44516
44517
44519
44520
44521
44522
44523
44524
44527
44528
44530
44533
44534
44535
44536
44538
44539
44540
44548
44550
44551
44553
44557
44558
44559
44561
44564
44568
44570
44571
44572
44574
44575
44577
44580
44581
44583
44584
44587
44590
44592
44593
44596
44600
44603
44608
44610
44619
44621
44626
44627
44632
44635
44636
44637
44640
44644
44649
44651
44654
44656
44657
44658
44663
44665
44666
44669
44670
44672
44673
44674
44676
44679
44684
44685
44694
44695
44698
44701
44703
44704
44706
44711
44713
44716
44720
44721
44722
44723
44725
44726
44727
44729
44730
44732
44736
44742
44746
44747
44748
44750
44753
44756
44758
44762
44764
44765
44768
44769
44770
44771
44773
44781
44783
44785
44786
44787
44789
44790
44795
44797
44804
44805
44807
44808
44814
44818
44819
44821
44822
44823
44824
44825
44826
44827
44829
44832
44835
44836
44841
44843
44853
44854
44855
44860
44862
44863
44864
44867
44872
44882
44888
44893
44896
44897
44898
44901
44904
44905
44907
44909
44911
44915
44918
44919
44920
44924
44928
44929
44932
44935
44939
44946
44948
44950
44951
44952
44954
44958
44959
44962
44964
44965
44966
44981
44985
44988
44991
44995
44996
44997
44998
