63
65
92
110
122
126
150
160
184
198
225
244
262
271
278
282
338
355
363
364
370
390
401
412
418
419
438
515
521
524
537
593
609
636
706
724
736
737
762
796
848
853
854
936
986
1084
1086
1109
1120
1134
1150
1161
1164
1214
1216
1223
1225
1228
1266
1284
1293
1309
1323
1334
1366
1368
1450
1494
1517
1578
1580
1583
1589
1633
1635
1649
1704
1720
1727
1735
1768
1822
1839
1850
1852
1897
1939
1941
1968
1981
1983
1985
2017
2024
2037
2072
2085
2113
2187
2195
2242
2286
2299
2313
2366
2395
2402
2405
2434
2435
2447
2451
2456
2478
2484
2512
2530
2536
2538
2541
2611
2640
2679
2698
2720
2722
2741
2771
2773
2784
2790
2802
2847
2858
2864
2884
2893
2898
2900
2962
2963
2997
3021
3025
3075
3081
3165
3181
3221
3230
3248
3271
3322
3338
3364
3376
3387
3388
3394
3439
3448
3457
3492
3519
3528
3541
3554
3576
3583
3607
3609
3619
3687
3695
3700
3701
3709
3730
3749
3773
3784
3809
3811
3817
3826
3838
3851
3878
3946
3949
3951
3952
3958
3968
3990
4088
4102
4134
4170
4182
4183
4210
4218
4226
4268
4281
4304
4311
4318
4320
4335
4339
4381
4395
4483
4512
4519
4528
4539
4547
4564
4584
4604
4609
4617
4619
4622
4637
4645
4662
4698
4719
4746
4807
4808
4823
4837
4838
4858
4865
4889
4912
4938
4939
4948
4961
4982
4984
5018
5065
5088
5097
5158
5168
5189
5205
5213
5249
5259
5262
5335
5340
5345
5407
5425
5431
5451
5493
5548
5576
5584
5586
5603
5627
5631
5633
5645
5651
5702
5718
5740
5756
5759
5774
5802
5807
5815
5823
5848
5849
5870
5885
5892
5894
5918
5946
5952
5960
5987
5994
6015
6084
6141
6161
6164
6197
6198
6201
6202
6206
6210
6226
6247
6256
6258
6282
6308
6315
6334
6362
6363
6365
6385
6397
6419
6456
6477
6479
6482
6495
6500
6505
6506
6521
6527
6531
6541
6543
6556
6559
6570
6604
6610
6621
6640
6642
6725
6730
6746
6749
6750
6751
6788
6809
6815
6820
6833
6838
6848
6853
6872
6877
6898
6910
6918
6926
6937
6968
6975
6977
6986
6991
7016
7049
7062
7073
7098
7120
7125
7130
7152
7167
7175
7203
7234
7249
7254
7259
7282
7285
7286
7297
7335
7339
7358
7362
7381
7391
7419
7446
7454
7471
7478
7501
7502
7508
7514
7569
7581
7583
7597
7602
7604
7646
7651
7668
7685
7697
7709
7737
7746
7757
7759
7763
7785
7803
7804
7811
7830
7843
7849
7894
7897
7945
7951
7960
7961
7976
7982
7997
8016
8032
8055
8059
8086
8096
8105
8189
8196
8223
8242
8263
8270
8278
8285
8329
8337
8359
8366
8386
8390
8422
8429
8445
8451
8454
8462
8467
8498
8514
8523
8555
8559
8578
8589
8620
8637
8650
8706
8742
8757
8758
8766
8780
8825
8863
8901
8904
8919
8924
8934
8968
8977
8986
8988
9001
9099
9117
9121
9123
9124
9164
9166
9179
9204
9213
9240
9242
9250
9256
9262
9266
9277
9288
9300
9340
9343
9348
9351
9358
9361
9365
9388
9390
9396
9417
9422
9430
9432
9458
9468
9502
9514
9519
9560
9594
9620
9621
9638
9663
9677
9789
9813
9842
9846
9856
9858
9890
9901
9910
9947
9968
9969
9970
9999
10062
10063
10095
10098
10115
10121
10123
10125
10134
10143
10296
10325
10352
10366
10379
10432
10451
10471
10485
10506
10539
10540
10551
10560
10566
10599
10630
10674
10683
10697
10745
10768
10770
10784
10793
10830
10833
10850
10867
10890
10901
10902
10923
10942
10947
10969
11009
11040
11065
11077
11111
11120
11166
11188
11207
11220
11237
11268
11295
11344
11353
11375
11408
11500
11518
11523
11542
11551
11561
11568
11587
11595
11613
11620
11621
11627
11629
11644
11656
11675
11703
11708
11733
11771
11780
11826
11866
11869
11872
11894
11904
11905
11934
11949
11961
11976
11977
11992
12024
12064
12100
12145
12157
12164
12175
12190
12212
12246
12260
12368
12370
12395
12398
12440
12463
12474
12522
12526
12560
12571
12582
12609
12668
12683
12733
12757
12765
12768
12785
12803
12813
12844
12848
12853
12857
12865
12867
12884
12888
12926
12932
12963
12975
12981
12991
13001
13009
13021
13088
13091
13100
13107
13114
13179
13273
13284
13290
13348
13505
13516
13519
13556
13591
13593
13596
13620
13626
13650
13652
13661
13740
13774
13776
13784
13818
13834
13845
13848
13862
13934
13961
13965
13992
14007
14068
14071
14080
14085
14107
14128
14148
14174
14180
14212
14213
14259
14289
14296
14300
14314
14319
14346
14347
14376
14385
14389
14403
14425
14458
14501
14508
14510
14513
14553
14565
14617
14624
14641
14660
14662
14672
14679
14698
14724
14735
14736
14763
14766
14774
14791
14801
14812
14830
14834
14865
14870
14902
14907
14912
14927
14961
15016
15089
15115
15148
15179
15191
15193
15200
15206
15242
15252
15266
15276
15277
15279
15303
15326
15348
15352
15369
15432
15437
15476
15528
15532
15564
15578
15592
15605
15606
15608
15622
15627
15656
15681
15690
15695
15696
15762
15776
15797
15801
15834
15836
15852
15856
15882
15894
15942
15944
15968
15983
15994
16038
16044
16073
16091
16113
16130
16145
16146
16183
16211
16226
16228
16247
16262
16267
16274
16283
16317
16324
16335
16364
16382
16397
16402
16417
16422
16433
16440
16476
16477
16478
16479
16481
16503
16508
16545
16547
16553
16563
16568
16572
16576
16589
16593
16606
16620
16621
16625
16628
16646
16650
16659
16728
16751
16763
16773
16789
16791
16804
16819
16832
16838
16870
16879
16889
16895
16934
16944
16950
16974
17045
17080
17085
17094
17113
17124
17164
17172
17197
17248
17263
17273
17277
17282
17288
17299
17326
17356
17369
17434
17441
17445
17449
17477
17489
17535
17540
17593
17609
17611
17614
17623
17645
17653
17657
17665
17673
17700
17709
17727
17729
17736
17749
17802
17813
17861
17894
17895
17909
17917
17964
17967
17982
18000
18054
18070
18077
18097
18101
18105
18116
18153
18155
18160
18173
18175
18178
18234
18239
18264
18307
18316
18319
18320
18345
18358
18381
18382
18409
18411
18414
18420
18479
18542
18548
18659
18699
18741
18745
18751
18763
18769
18838
18879
18893
18902
18908
18927
18944
18962
18997
19064
19081
19085
19123
19142
19149
19202
19226
19228
19305
19342
19344
19381
19391
19402
19417
19421
19433
19434
19443
19448
19457
19458
19462
19464
19499
19519
19565
19591
19610
19614
19629
19630
19631
19641
19690
19716
19736
19765
19775
19813
19831
19834
19841
19864
19866
19868
19882
19894
19905
19917
19942
19953
19958
19965
19973
19983
19999
20081
20083
20115
20125
20167
20177
20191
20196
20211
20218
20223
20289
20292
20309
20310
20326
20354
20366
20390
20423
20484
20486
20491
20501
20503
20507
20511
20512
20516
20517
20526
20548
20566
20572
20622
20623
20648
20696
20709
20718
20729
20737
20772
20794
20811
20819
20827
20833
20852
20853
20859
20885
20896
20899
20911
20920
20981
20986
20991
20992
20998
21011
21022
21057
21090
21091
21112
21139
21148
21163
21193
21198
21199
21206
21232
21234
21254
21271
21284
21285
21316
21338
21340
21361
21365
21377
21384
21411
21447
21450
21459
21471
21481
21488
21490
21497
21498
21504
21518
21532
21570
21573
21576
21579
21595
21602
21609
21618
21624
21652
21661
21662
21664
21684
21692
21701
21719
21740
21786
21792
21810
21819
21832
21845
21873
21875
21909
21910
21940
21941
21961
21978
22015
22069
22083
22084
22085
22090
22105
22135
22150
22154
22182
22183
22208
22212
22215
22217
22238
22248
22249
22269
22299
22307
22364
22394
22397
22403
22412
22447
22456
22467
22471
22501
22511
22517
22518
22532
22544
22595
22631
22640
22641
22691
22694
22700
22707
22714
22725
22751
22777
22786
22811
22813
22818
22829
22862
22927
22937
22962
22984
23012
23054
23057
23074
23079
23132
23170
23171
23189
23196
23230
23239
23277
23280
23299
23314
23339
23408
23494
23570
23616
23625
23629
23643
23647
23650
23664
23690
23699
23719
23727
23790
23802
23829
23849
23894
23898
23904
23918
23989
23993
23997
24006
24042
24054
24118
24183
24218
24244
24249
24269
24291
24309
24317
24347
24365
24385
24433
24495
24538
24544
24546
24586
24632
24653
24665
24702
24704
24734
24737
24755
24789
24793
24795
24819
24837
24848
24850
24858
24862
24879
24887
24896
24955
24962
24985
25011
25044
25066
25069
25093
25121
25122
25152
25159
25188
25200
25213
25224
25253
25295
25334
25338
25340
25344
25355
25381
25455
25541
25545
25549
25566
25620
25629
25646
25672
25676
25679
25699
25715
25732
25747
25767
25772
25773
25778
25872
25902
25915
25930
25944
25949
25954
25967
25978
25982
26009
26065
26069
26072
26087
26122
26123
26139
26160
26165
26175
26180
26193
26199
26208
26228
26245
26262
26266
26271
26278
26340
26368
26373
26437
26471
26510
26544
26546
26556
26570
26614
26681
26706
26732
26751
26754
26758
26814
26848
26895
26932
26937
26999
27009
27077
27084
27129
27157
27167
27178
27206
27208
27209
27244
27247
27273
27324
27349
27356
27357
27363
27393
27430
27458
27500
27554
27585
27595
27631
27632
27659
27673
27676
27696
27714
27721
27732
27739
27763
27774
27781
27796
27802
27811
27829
27843
27870
27882
27954
27956
27987
28005
28091
28103
28124
28126
28129
28145
28347
28358
28365
28394
28402
28432
28449
28450
28465
28476
28536
28555
28581
28584
28619
28634
28638
28679
28698
28709
28745
28753
28760
28761
28773
28774
28810
28835
28839
28846
28848
28862
28880
28913
28919
28951
28959
28961
28966
28978
29063
29092
29123
29142
29154
29170
29196
29203
29215
29241
29280
29282
29326
29343
29349
29406
29421
29422
29426
29436
29437
29509
29511
29513
29519
29550
29605
29616
29660
29696
29702
29704
29711
29742
29744
29762
29763
29766
29774
29775
29781
29807
29819
29839
29851
29892
29933
29958
29959
29972
29976
29997
30001
30097
30100
30107
30111
30124
30131
30161
30166
30197
30199
30241
30266
30291
30308
30319
30334
30342
30396
30405
30411
30419
30430
30459
30462
30477
30513
30572
30609
30610
30612
30658
30688
30719
30749
30758
30786
30809
30868
30881
30887
30888
31009
31076
31085
31086
31091
31141
31142
31183
31189
31223
31286
31289
31290
31308
31323
31326
31340
31355
31368
31391
31406
31440
31460
31471
31486
31488
31495
31506
31519
31552
31554
31560
31568
31584
31589
31591
31606
31619
31626
31641
31660
31661
31669
31673
31683
31688
31691
31693
31730
31738
31740
31742
31764
31773
31811
31849
31880
31901
31926
31938
31945
31989
32009
32022
32086
32088
32098
32142
32160
32161
32165
32194
32198
32207
32227
32242
32249
32253
32270
32292
32296
32305
32315
32322
32336
32363
32397
32410
32411
32412
32425
32488
32492
32493
32494
32504
32531
32538
32574
32592
32638
32664
32669
32680
32716
32742
32744
32747
32751
32759
32760
32772
32785
32796
32800
32815
32816
32868
32874
32878
32882
32899
32911
32933
32934
32946
32947
32959
32974
32982
33010
33021
33069
33072
33073
33079
33094
33102
33109
33125
33144
33148
33156
33222
33249
33259
33260
33268
33282
33313
33331
33340
33355
33365
33375
33391
33400
33424
33435
33441
33442
33450
33464
33466
33504
33540
33550
33557
33560
33566
33589
33610
33639
33654
33660
33677
33690
33745
33765
33814
33820
33826
33833
33867
33876
33900
33934
33948
33981
34009
34053
34085
34116
34133
34145
34155
34158
34169
34176
34206
34209
34217
34239
34243
34273
34295
34351
34376
34395
34419
34439
34441
34455
34466
34474
34491
34492
34505
34507
34521
34545
34562
34636
34665
34688
34692
34694
34712
34716
34727
34734
34740
34742
34793
34811
34823
34831
34843
34856
34865
34885
34887
34925
34964
34970
35000
35006
35073
35078
35083
35094
35118
35142
35143
35148
35161
35168
35217
35257
35258
35261
35276
35359
35361
35381
35456
35485
35487
35522
35527
35540
35590
35591
35593
35627
35669
35671
35676
35682
35695
35707
35710
35722
35762
35789
35804
35817
35834
35845
35846
35909
35910
35917
35942
35957
35989
36072
36130
36131
36140
36155
36165
36173
36201
36202
36227
36276
36284
36340
36353
36362
36377
36422
36433
36460
36486
36507
36508
36573
36581
36586
36591
36662
36665
36666
36669
36682
36724
36762
36778
36783
36793
36800
36820
36853
36888
36897
36917
36930
37072
37074
37088
37089
37104
37123
37126
37143
37161
37189
37205
37304
37305
37307
37308
37310
37316
37331
37345
37367
37370
37373
37374
37397
37406
37407
37433
37438
37447
37492
37499
37508
37517
37550
37572
37587
37596
37616
37624
37656
37662
37682
37690
37695
37730
37733
37748
37761
37780
37786
37787
37814
37836
37838
37841
37861
37868
37903
37926
37941
37973
37981
38071
38097
38105
38107
38116
38138
38164
38220
38221
38266
38270
38273
38295
38301
38310
38320
38334
38342
38409
38424
38466
38474
38512
38539
38587
38591
38599
38741
38784
38794
38796
38797
38819
38822
38824
38831
38842
38855
38860
38867
38876
38894
38921
38962
38965
38973
38976
38985
38999
39029
39044
39069
39088
39095
39099
39108
39120
39130
39149
39166
39169
39173
39247
39249
39259
39295
39304
39397
39411
39423
39434
39464
39468
39476
39482
39487
39500
39542
39566
39570
39584
39593
39599
39608
39652
39672
39693
39702
39718
39731
39744
39746
39749
39761
39763
39767
39783
39790
39799
39833
39933
39963
39967
39984
39988
40004
40094
40117
40126
40158
40191
40192
40195
40208
40216
40271
40296
40333
40335
40352
40382
40386
40439
40441
40462
40464
40472
40497
40502
40541
40550
40552
40560
40563
40590
40596
40616
40622
40634
40671
40674
40677
40713
40719
40746
40753
40764
40784
40790
40839
40862
40872
40878
40893
40900
40905
40926
40927
40942
41057
41067
41082
41116
41152
41162
41189
41208
41212
41232
41236
41242
41260
41261
41265
41299
41340
41435
41453
41460
41468
41483
41497
41528
41541
41550
41561
41565
41575
41588
41599
41602
41634
41644
41645
41664
41682
41697
41712
41728
41745
41816
41818
41823
41861
41864
41866
41924
41932
41934
41937
41939
41943
41953
41961
41965
42036
42059
42069
42077
42092
42098
42122
42135
42232
42251
42261
42314
42342
42366
42367
42429
42435
42444
42529
42534
42573
42599
42620
42621
42643
42657
42681
42696
42697
42720
42735
42743
42757
42806
42831
42875
42936
42937
42966
42970
42985
42996
43068
43071
43073
43085
43107
43145
43152
43207
43218
43231
43232
43276
43283
43298
43313
43319
43321
43332
43338
43348
43356
43369
43389
43399
43415
43422
43425
43463
43473
43483
43485
43492
43517
43561
43562
43571
43573
43612
43646
43651
43684
43694
43703
43755
43760
43773
43809
43833
43852
43861
43892
43910
43934
43963
43964
43967
43983
43989
43995
44035
44066
44088
44155
44171
44174
44194
44212
44237
44290
44326
44335
44354
44364
44405
44421
44444
44451
44471
44484
44522
44528
44533
44534
44543
44561
44729
44743
44750
44756
44764
44769
44781
44789
44797
44808
44841
44847
44852
44902
44920
44935
44959
44995
44997
